rank,cp,ivs,maxlevel,stat-product,stats
1,1500,7 15 13,41,2375675,94.64 132.82 189
2,1498,7 15 15,40.5,2375148,94.38 132.45 190
3,1499,7 14 14,41,2373944,94.64 132.02 190
4,1494,6 15 15,41,2368176,93.85 132.82 190
5,1491,6 15 14,41,2368176,93.85 132.82 190
6,1500,8 15 15,40,2365611,94.84 131.98 189
7,1497,7 15 12,41,2363106,94.64 132.82 188
8,1495,7 15 14,40.5,2362648,94.38 132.45 189
9,1496,7 14 13,41,2361450,94.64 132.02 189
10,1494,7 14 15,40.5,2360926,94.38 131.66 190
11,1497,7 13 15,41,2359643,94.64 131.22 190
12,1494,7 13 14,41,2359643,94.64 131.22 190
13,1500,8 15 9,41,2357613,95.44 132.82 186
14,1498,8 15 11,40.5,2357290,95.17 132.45 187
15,1499,9 15 14,39.5,2355763,95.28 131.51 188
16,1487,6 15 13,41,2355712,93.85 132.82 189
17,1500,8 14 13,40.5,2355705,95.17 131.66 188
18,1500,8 13 12,41,2354425,95.44 131.22 188
19,1489,6 14 15,41,2353995,93.85 132.02 190
20,1486,6 14 14,41,2353995,93.85 132.02 190
21,1498,8 13 14,40.5,2353969,95.17 130.86 189
22,1497,8 15 14,40,2353095,94.84 131.98 188
23,1494,8 15 13,40,2353095,94.84 131.98 188
24,1499,8 12 13,41,2352604,95.44 130.43 189
25,1497,8 12 15,40.5,2352082,95.17 130.07 190
26,1495,8 14 15,40,2351446,94.84 131.19 189
27,1498,8 11 14,41,2350630,95.44 129.63 190
28,1494,7 15 11,41,2350536,94.64 132.82 187
29,1492,7 14 12,41,2348955,94.64 132.02 188
30,1481,5 15 15,41,2348107,93.05 132.82 190
31,1478,5 15 14,41,2348107,93.05 132.82 190
32,1500,9 15 11,40,2347462,95.63 131.98 186
33,1491,7 13 13,41,2347224,94.64 131.22 189
34,1498,9 14 12,40,2345951,95.63 131.19 187
35,1500,10 15 14,39,2345608,95.73 131.03 187
36,1493,7 12 15,41,2345343,94.64 130.43 190
37,1490,7 12 14,41,2345343,94.64 130.43 190
38,1497,8 15 8,41,2344938,95.44 132.82 185
39,1495,8 15 10,40.5,2344684,95.17 132.45 186
40,1500,9 13 14,40,2344288,95.63 130.4 188
41,1497,9 13 13,40,2344288,95.63 130.4 188
42,1499,10 14 15,39,2344030,95.73 130.25 188
43,1499,8 14 10,41,2343496,95.44 132.02 186
44,1495,8 14 9,41,2343496,95.44 132.02 186
45,1484,6 15 12,41,2343248,93.85 132.82 188
46,1495,9 15 13,39.5,2343232,95.28 131.51 187
47,1497,8 14 12,40.5,2343175,95.17 131.66 187
48,1494,8 14 11,40.5,2343175,95.17 131.66 187
49,1500,9 10 15,40.5,2342759,95.97 128.48 190
50,1499,9 12 15,40,2342475,95.63 129.61 189
51,1497,8 13 11,41,2341902,95.44 131.22 187
52,1497,9 14 15,39.5,2341657,95.28 130.72 188
53,1494,9 14 14,39.5,2341657,95.28 130.72 188
54,1483,6 14 13,41,2341606,93.85 132.02 189
55,1495,8 13 13,40.5,2341514,95.17 130.86 188
56,1491,8 15 12,40,2340578,94.84 131.98 187
57,1496,8 12 12,41,2340156,95.44 130.43 188
58,1485,6 13 15,41,2339814,93.85 131.22 190
59,1482,6 13 14,41,2339814,93.85 131.22 190
60,1494,8 12 14,40.5,2339702,95.17 130.07 189
61,1492,8 14 14,40,2339004,94.84 131.19 188
62,1491,9 15 15,39,2338822,94.94 131.03 188
63,1498,9 15 7,40.5,2338802,95.97 132.45 184
64,1494,8 11 13,41,2338259,95.44 129.63 189
65,1491,7 15 10,41,2337966,94.64 132.82 186
66,1487,7 15 9,41,2337966,94.64 132.82 186
67,1492,8 11 15,40.5,2337740,95.17 129.28 190
68,1500,9 14 9,40.5,2337432,95.97 131.66 185
69,1498,10 15 10,39.5,2337330,96.07 131.51 185
70,1491,8 13 15,40,2337281,94.84 130.4 189
71,1489,7 14 11,41,2336461,94.64 132.02 187
72,1496,8 10 15,41,2336209,95.44 128.84 190
73,1493,8 10 14,41,2336209,95.44 128.84 190
74,1500,9 13 8,41,2336162,96.23 131.22 185
75,1498,9 13 10,40.5,2335909,95.97 130.86 186
76,1500,10 14 12,39.5,2335892,96.07 130.72 186
77,1475,5 15 13,41,2335748,93.05 132.82 189
78,1498,11 15 13,38.5,2335150,96.16 130.56 186
79,1500,10 11 13,40,2335012,96.42 128.82 188
80,1497,9 15 10,40,2334842,95.63 131.98 185
81,1488,7 13 12,41,2334805,94.64 131.22 188
82,1499,9 12 9,41,2334555,96.23 130.43 186
83,1499,10 13 13,39.5,2334303,96.07 129.93 187
84,1500,9 12 12,40.5,2334235,95.97 130.07 187
85,1497,9 12 11,40.5,2334235,95.97 130.07 187
86,1477,5 14 15,41,2334046,93.05 132.02 190
87,1474,5 14 14,41,2334046,93.05 132.02 190
88,1500,11 14 15,38.5,2333646,96.16 129.78 187
89,1495,9 14 11,40,2333406,95.63 131.19 186
90,1497,10 15 13,39,2333064,95.73 131.03 186
91,1487,7 12 13,41,2332999,94.64 130.43 189
92,1500,10 12 15,39.5,2332563,96.07 129.15 188
93,1497,10 12 14,39.5,2332563,96.07 129.15 188
94,1499,9 11 13,40.5,2332408,95.97 129.28 188
95,1493,8 15 7,41,2332262,95.44 132.82 184
96,1494,9 13 12,40,2331819,95.63 130.4 187
97,1496,10 14 14,39,2331562,95.73 130.25 187
98,1488,7 11 15,41,2331042,94.64 129.63 190
99,1485,7 11 14,41,2331042,94.64 129.63 190
100,1492,8 14 8,41,2330896,95.44 132.02 185
101,1499,9 10 12,41,2330881,96.23 128.84 188
102,1481,6 15 11,41,2330784,93.85 132.82 187
103,1492,9 15 12,39.5,2330702,95.28 131.51 186
104,1497,9 10 14,40.5,2330429,95.97 128.48 189
105,1496,9 12 14,40,2330081,95.63 129.61 188
106,1493,9 12 13,40,2330081,95.63 129.61 188
107,1494,10 13 15,39,2329910,95.73 129.47 188
108,1494,8 13 10,41,2329378,95.44 131.22 186
109,1491,8 13 9,41,2329378,95.44 131.22 186
110,1480,6 14 12,41,2329216,93.85 132.02 188
111,1491,9 14 13,39.5,2329201,95.28 130.72 187
112,1498,9 9 13,41,2328815,96.23 128.04 189
113,1499,10 15 7,40,2328688,96.42 131.98 183
114,1492,10 15 15,38.5,2328617,95.38 130.56 187
115,1496,9 9 15,40.5,2328298,95.97 127.69 190
116,1494,9 11 15,40,2328191,95.63 128.82 189
117,1468,4 15 15,41,2328037,92.25 132.82 190
118,1465,4 15 14,41,2328037,92.25 132.82 190
119,1493,8 12 11,41,2327708,95.44 130.43 187
120,1493,9 13 15,39.5,2327550,95.28 129.93 188
121,1479,6 13 13,41,2327500,93.85 131.22 189
122,1498,10 14 8,40,2327392,96.42 131.19 184
123,1500,11 15 10,39,2326895,96.51 131.03 184
124,1499,9 8 15,41,2326595,96.23 127.25 190
125,1496,9 8 14,41,2326595,96.23 127.25 190
126,1499,9 15 5,41,2326136,96.23 132.82 182
127,1496,9 15 4,41,2326136,96.23 132.82 182
128,1494,9 15 6,40.5,2326091,95.97 132.45 183
129,1500,10 13 10,40,2325945,96.42 130.4 185
130,1491,8 11 12,41,2325887,95.44 129.63 188
131,1480,6 12 15,41,2325634,93.85 130.43 190
132,1477,6 12 14,41,2325634,93.85 130.43 190
133,1498,11 14 11,39,2325532,96.51 130.25 185
134,1484,7 15 8,41,2325397,94.64 132.82 185
135,1498,9 14 6,41,2324911,96.23 132.02 183
136,1500,10 10 11,40.5,2324824,96.76 128.48 187
137,1496,9 14 8,40.5,2324797,95.97 131.66 184
138,1493,9 14 7,40.5,2324797,95.97 131.66 184
139,1495,10 15 9,39.5,2324695,96.07 131.51 184
140,1499,12 15 13,38,2324394,96.59 130.08 185
141,1499,10 12 11,40,2324344,96.42 129.61 186
142,1500,11 13 13,39,2324018,96.51 129.47 186
143,1486,7 14 10,41,2323967,94.64 132.02 186
144,1483,7 14 9,41,2323967,94.64 132.02 186
145,1490,8 10 13,41,2323913,95.44 128.84 189
146,1497,9 13 7,41,2323534,96.23 131.22 184
147,1472,5 15 12,41,2323390,93.05 132.82 188
148,1495,9 13 9,40.5,2323351,95.97 130.86 185
149,1497,10 14 11,39.5,2323334,96.07 130.72 185
150,1494,10 14 10,39.5,2323334,96.07 130.72 185
151,1500,11 10 14,39.5,2323004,96.86 127.57 188
152,1498,12 14 14,38,2322964,96.59 129.3 186
153,1495,11 15 12,38.5,2322595,96.16 130.56 185
154,1497,10 11 12,40,2322592,96.42 128.82 187
155,1485,7 13 11,41,2322386,94.64 131.22 187
156,1499,11 12 14,39,2322352,96.51 128.68 187
157,1493,9 15 9,40,2322221,95.63 131.98 184
158,1490,9 15 8,40,2322221,95.63 131.98 184
159,1496,9 12 8,41,2322003,96.23 130.43 185
160,1496,10 13 12,39.5,2321820,96.07 129.93 186
161,1491,8 9 15,41,2321788,95.44 128.04 190
162,1488,8 9 14,41,2321788,95.44 128.04 190
163,1470,5 14 13,41,2321762,93.05 132.02 189
164,1494,9 12 10,40.5,2321752,95.97 130.07 186
165,1497,11 14 14,38.5,2321167,96.16 129.78 186
166,1494,11 14 13,38.5,2321167,96.16 129.78 186
167,1492,9 14 10,40,2320861,95.63 131.19 185
168,1499,10 10 14,40,2320687,96.42 128.03 188
169,1496,10 10 13,40,2320687,96.42 128.03 188
170,1500,10 8 14,40.5,2320680,96.76 126.9 189
171,1483,7 12 12,41,2320655,94.64 130.43 188
172,1497,11 11 15,39,2320535,96.51 127.9 188
173,1494,10 15 12,39,2320521,95.73 131.03 185
174,1491,10 15 11,39,2320521,95.73 131.03 185
175,1497,9 11 10,41,2320320,96.23 129.63 186
176,1494,9 11 9,41,2320320,96.23 129.63 186
177,1494,10 12 13,39.5,2320156,96.07 129.15 187
178,1495,9 11 12,40.5,2320002,95.97 129.28 187
179,1492,9 11 11,40.5,2320002,95.97 129.28 187
180,1472,5 13 15,41,2319986,93.05 131.22 190
181,1469,5 13 14,41,2319986,93.05 131.22 190
182,1495,12 15 15,37.5,2319782,96.23 129.6 186
183,1500,10 15 4,40.5,2319683,96.76 132.45 181
184,1496,11 13 15,38.5,2319588,96.16 129 187
185,1490,8 15 6,41,2319587,95.44 132.82 183
186,1491,9 13 11,40,2319349,95.63 130.4 186
187,1492,10 14 13,39,2319094,95.73 130.25 186
188,1482,7 11 13,41,2318773,94.64 129.63 189
189,1497,10 9 15,40,2318630,96.42 127.24 189
190,1499,10 14 5,40.5,2318532,96.76 131.66 182
191,1496,9 10 11,41,2318483,96.23 128.84 187
192,1499,10 7 15,40.5,2318378,96.76 126.11 190
193,1496,10 11 15,39.5,2318340,96.07 128.36 188
194,1493,10 11 14,39.5,2318340,96.07 128.36 188
195,1478,6 15 10,41,2318320,93.85 132.82 186
196,1475,6 15 9,41,2318320,93.85 132.82 186
197,1489,8 14 7,41,2318297,95.44 132.02 184
198,1494,11 15 15,38,2318112,95.81 130.08 186
199,1490,11 15 14,38,2318112,95.81 130.08 186
200,1494,9 10 13,40.5,2318099,95.97 128.48 188
201,1491,10 13 14,39,2317517,95.73 129.47 187
202,1499,10 13 4,41,2317272,97.03 131.22 182
203,1498,10 13 6,40.5,2317227,96.76 130.86 183
204,1500,11 14 8,39.5,2317054,96.86 130.72 183
205,1488,8 13 8,41,2316855,95.44 131.22 185
206,1477,6 14 11,41,2316827,93.85 132.02 187
207,1484,7 10 15,41,2316741,94.64 128.84 190
208,1481,7 10 14,41,2316741,94.64 128.84 190
209,1499,10 6 14,41,2316500,97.03 125.66 190
210,1494,9 9 12,41,2316493,96.23 128.04 188
211,1493,9 9 14,40.5,2316044,95.97 127.69 189
212,1496,10 15 6,40,2315963,96.42 131.98 182
213,1491,9 11 14,40,2315873,95.63 128.82 188
214,1462,4 15 13,41,2315784,92.25 132.82 189
215,1500,10 12 8,40.5,2315769,96.76 130.07 184
216,1496,10 12 7,40.5,2315769,96.76 130.07 184
217,1498,11 13 9,39.5,2315681,96.86 129.93 184
218,1490,8 12 10,41,2315261,95.44 130.43 186
219,1486,8 12 9,41,2315261,95.44 130.43 186
220,1475,6 13 12,41,2315185,93.85 131.22 188
221,1500,12 14 11,38.5,2314876,96.94 129.78 184
222,1495,10 14 7,40,2314744,96.42 131.19 183
223,1493,9 8 13,41,2314350,96.23 127.25 189
224,1500,10 11 7,41,2314340,97.03 129.63 184
225,1496,11 15 9,39,2314249,96.51 131.03 183
226,1498,10 11 9,40.5,2314157,96.76 129.28 185
227,1500,11 12 11,39.5,2314156,96.86 129.15 185
228,1497,11 12 10,39.5,2314156,96.86 129.15 185
229,1464,4 14 15,41,2314097,92.25 132.02 190
230,1461,4 14 14,41,2314097,92.25 132.02 190
231,1488,8 11 11,41,2313515,95.44 129.63 187
232,1498,12 13 12,38.5,2313436,96.94 129 185
233,1474,6 12 13,41,2313394,93.85 130.43 189
234,1497,10 13 9,40,2313372,96.42 130.4 184
235,1494,10 13 8,40,2313372,96.42 130.4 184
236,1493,9 15 3,41,2313355,96.23 132.82 181
237,1500,13 15 13,37.5,2313345,97.01 129.6 184
238,1495,11 14 10,39,2312962,96.51 130.25 184
239,1500,11 9 12,40,2312898,97.21 127.24 187
240,1481,7 15 7,41,2312827,94.64 132.82 184
241,1499,10 10 8,41,2312642,97.03 128.84 185
242,1499,11 11 12,39.5,2312478,96.86 128.36 186
243,1497,10 10 10,40.5,2312392,96.76 128.48 186
244,1495,9 14 5,41,2312207,96.23 132.02 182
245,1492,9 14 4,41,2312207,96.23 132.02 182
246,1492,10 15 8,39.5,2312061,96.07 131.51 183
247,1495,9 7 15,41,2312054,96.23 126.45 190
248,1491,9 7 14,41,2312054,96.23 126.45 190
249,1499,13 14 14,37.5,2311990,97.01 128.83 185
250,1495,10 12 10,40,2311848,96.42 129.61 185
251,1500,12 12 14,38.5,2311845,96.94 128.21 186
252,1497,12 12 13,38.5,2311845,96.94 128.21 186
253,1496,12 15 12,38,2311830,96.59 130.08 184
254,1487,8 10 12,41,2311618,95.44 128.84 188
255,1497,11 13 12,39,2311523,96.51 129.47 185
256,1494,11 13 11,39,2311523,96.51 129.47 185
257,1480,7 14 8,41,2311472,94.64 132.02 185
258,1476,6 11 15,41,2311453,93.85 129.63 190
259,1473,6 11 14,41,2311453,93.85 129.63 190
260,1469,5 15 11,41,2311031,93.05 132.82 187
261,1494,9 13 6,41,2310906,96.23 131.22 183
262,1499,11 8 13,40,2310824,97.21 126.45 188
263,1500,10 9 10,41,2310790,97.03 128.04 186
264,1497,10 9 9,41,2310790,97.03 128.04 186
265,1491,10 14 9,39.5,2310775,96.07 130.72 184
266,1500,12 9 15,39,2310696,97.29 126.33 188
267,1497,11 10 13,39.5,2310647,96.86 127.57 187
268,1498,13 13 15,37.5,2310484,97.01 128.05 186
269,1495,12 14 13,38,2310475,96.59 129.3 185
270,1499,10 9 12,40.5,2310474,96.76 127.69 187
271,1495,10 9 11,40.5,2310474,96.76 127.69 187
272,1494,10 11 11,40,2310172,96.42 128.82 186
273,1498,12 11 15,38.5,2310102,96.94 127.43 187
274,1492,11 15 11,38.5,2310041,96.16 130.56 184
275,1482,7 13 10,41,2309967,94.64 131.22 186
276,1478,7 13 9,41,2309967,94.64 131.22 186
277,1496,11 12 13,39,2309933,96.51 128.68 186
278,1485,8 9 13,41,2309568,95.44 128.04 189
279,1467,5 14 12,41,2309477,93.05 132.02 188
280,1492,9 12 7,41,2309452,96.23 130.43 184
281,1492,10 13 11,39.5,2309338,96.07 129.93 185
282,1499,11 15 3,40,2309287,97.21 131.98 180
283,1497,12 13 15,38,2308971,96.59 128.52 186
284,1494,12 13 14,38,2308971,96.59 128.52 186
285,1499,10 8 11,41,2308784,97.03 127.25 187
286,1496,13 15 15,37,2308695,96.65 129.12 185
287,1491,11 14 12,38.5,2308687,96.16 129.78 185
288,1499,11 9 15,39.5,2308664,96.86 126.78 188
289,1496,11 9 14,39.5,2308664,96.86 126.78 188
290,1500,11 7 15,40,2308596,97.21 125.66 189
291,1497,10 8 13,40.5,2308402,96.76 126.9 188
292,1493,10 10 12,40,2308343,96.42 128.03 187
293,1480,7 12 11,41,2308311,94.64 130.43 187
294,1494,11 11 14,39,2308191,96.51 127.9 187
295,1456,3 15 15,41,2307968,91.46 132.82 190
296,1453,3 15 14,41,2307968,91.46 132.82 190
297,1491,9 11 8,41,2307845,96.23 129.63 185
298,1466,5 13 13,41,2307775,93.05 131.22 189
299,1491,10 12 12,39.5,2307749,96.07 129.15 186
300,1499,12 15 6,39,2307566,97.29 131.03 181
301,1487,8 8 15,41,2307367,95.44 127.25 190
302,1484,8 8 14,41,2307367,95.44 127.25 190
303,1492,12 15 14,37.5,2307310,96.23 129.6 185
304,1492,11 13 14,38.5,2307184,96.16 129 186
305,1499,11 13 6,40,2306983,97.21 130.4 182
306,1487,8 15 5,41,2306912,95.44 132.82 182
307,1484,8 15 4,41,2306912,95.44 132.82 182
308,1497,10 15 3,40.5,2306867,96.76 132.45 180
309,1494,10 15 2,40.5,2306867,96.76 132.45 180
310,1499,10 15 1,41,2306700,97.03 132.82 179
311,1497,10 7 12,41,2306623,97.03 126.45 188
312,1479,7 11 12,41,2306504,94.64 129.63 188
313,1498,12 14 7,39,2306421,97.29 130.25 182
314,1494,10 9 14,40,2306362,96.42 127.24 188
315,1491,10 9 13,40,2306362,96.42 127.24 188
316,1493,11 10 15,39,2306298,96.51 127.11 188
317,1499,11 10 7,40.5,2306278,97.55 128.48 184
318,1495,10 7 14,40.5,2306176,96.76 126.11 189
319,1493,9 10 10,41,2306084,96.23 128.84 186
320,1490,9 10 9,41,2306084,96.23 128.84 186
321,1468,5 12 15,41,2305925,93.05 130.43 190
322,1465,5 12 14,41,2305925,93.05 130.43 190
323,1490,12 14 15,37.5,2305891,96.23 128.83 186
324,1472,6 15 8,41,2305855,93.85 132.82 185
325,1496,10 14 4,40.5,2305792,96.76 131.66 181
326,1486,8 14 6,41,2305697,95.44 132.02 183
327,1497,10 14 2,41,2305697,97.03 132.02 180
328,1498,11 12 7,40,2305600,97.21 129.61 183
329,1498,11 15 6,39.5,2305537,96.86 131.51 181
330,1494,11 15 5,39.5,2305537,96.86 131.51 181
331,1491,11 12 15,38.5,2305530,96.16 128.21 187
332,1499,13 15 9,38,2305142,97.37 130.08 182
333,1500,12 13 9,39,2305123,97.29 129.47 183
334,1494,10 13 5,40.5,2304565,96.76 130.86 182
335,1477,7 10 13,41,2304547,94.64 128.84 189
336,1496,10 13 3,41,2304540,97.03 131.22 181
337,1500,12 10 10,39.5,2304519,97.65 127.57 185
338,1474,6 14 10,41,2304437,93.85 132.02 186
339,1470,6 14 9,41,2304437,93.85 132.02 186
340,1496,11 14 7,39.5,2304393,96.86 130.72 182
341,1485,8 13 7,41,2304331,95.44 131.22 184
342,1496,10 6 13,41,2304308,97.03 125.66 189
343,1493,10 8 15,40,2304228,96.42 126.45 189
344,1491,9 9 11,41,2304171,96.23 128.04 187
345,1491,10 10 15,39.5,2304117,96.07 127.57 188
346,1500,11 11 9,40,2304063,97.21 128.82 184
347,1497,11 11 8,40,2304063,97.21 128.82 184
348,1497,13 14 10,38,2303929,97.37 129.3 183
349,1494,10 6 15,40.5,2303797,96.76 125.31 190
350,1498,12 12 10,39,2303673,97.29 128.68 184
351,1459,4 15 12,41,2303532,92.25 132.82 188
352,1498,12 15 9,38.5,2303508,96.94 130.56 182
353,1494,12 15 8,38.5,2303508,96.94 130.56 182
354,1493,10 15 5,40,2303238,96.42 131.98 181
355,1498,10 12 5,41,2303228,97.03 130.43 182
356,1495,10 12 4,41,2303228,97.03 130.43 182
357,1493,10 12 6,40.5,2303183,96.76 130.07 183
358,1495,11 13 8,39.5,2303096,96.86 129.93 183
359,1472,6 13 11,41,2302870,93.85 131.22 187
360,1483,8 12 8,41,2302813,95.44 130.43 185
361,1500,11 8 10,40.5,2302564,97.55 126.9 186
362,1499,13 13 12,38,2302563,97.37 128.52 184
363,1479,7 9 15,41,2302440,94.64 128.04 190
364,1476,7 9 14,41,2302440,94.64 128.04 190
365,1498,11 10 10,40,2302373,97.21 128.03 185
366,1496,12 14 10,38.5,2302295,96.94 129.78 183
367,1490,9 8 12,41,2302105,96.23 127.25 188
368,1492,10 14 6,40,2302095,96.42 131.19 182
369,1500,12 11 12,39,2302070,97.29 127.9 185
370,1497,12 11 11,39,2302070,97.29 127.9 185
371,1500,13 10 13,38.5,2302068,97.72 126.65 186
372,1498,14 15 12,37,2302006,97.42 129.12 183
373,1458,4 14 13,41,2301917,92.25 132.02 189
374,1497,10 5 15,41,2301839,97.03 124.86 190
375,1494,10 5 14,41,2301839,97.03 124.86 190
376,1497,10 11 6,41,2301762,97.03 129.63 183
377,1500,15 14 14,36.5,2301687,97.83 127.87 184
378,1495,10 11 8,40.5,2301648,96.76 129.28 184
379,1494,11 12 9,39.5,2301647,96.86 129.15 184
380,1493,11 15 8,39,2301603,96.51 131.03 182
381,1490,11 15 7,39,2301603,96.51 131.03 182
382,1471,6 12 12,41,2301153,93.85 130.43 188
383,1485,8 11 10,41,2301143,95.44 129.63 186
384,1482,8 11 9,41,2301143,95.44 129.63 186
385,1498,13 12 13,38,2301047,97.37 127.74 185
386,1495,12 13 11,38.5,2300931,96.94 129 184
387,1490,10 13 7,40,2300799,96.42 130.4 183
388,1500,11 7 9,41,2300790,97.82 126.45 186
389,1497,13 15 12,37.5,2300772,97.01 129.6 183
390,1494,13 15 11,37.5,2300772,97.01 129.6 183
391,1500,14 11 15,37.5,2300738,97.78 126.5 186
392,1500,14 14 14,37,2300726,97.42 128.35 184
393,1497,14 14 13,37,2300726,97.42 128.35 184
394,1500,12 8 13,39.5,2300675,97.65 126 187
395,1490,9 15 2,41,2300574,96.23 132.82 180
396,1497,11 9 11,40,2300529,97.21 127.24 186
397,1498,11 7 11,40.5,2300475,97.55 126.11 187
398,1492,11 14 9,39,2300392,96.51 130.25 183
399,1499,12 10 13,39,2300314,97.29 127.11 186
400,1478,7 15 6,41,2300257,94.64 132.82 183
401,1460,4 13 15,41,2300157,92.25 131.22 190
402,1457,4 13 14,41,2300157,92.25 131.22 190
403,1495,10 10 7,41,2300141,97.03 128.84 184
404,1495,11 11 11,39.5,2300045,96.86 128.36 185
405,1492,11 11 10,39.5,2300045,96.86 128.36 185
406,1494,10 10 9,40.5,2299960,96.76 128.48 185
407,1499,11 15 0,40.5,2299934,97.55 132.45 178
408,1488,9 7 13,41,2299885,96.23 126.45 189
409,1488,9 14 3,41,2299503,96.23 132.02 181
410,1496,13 14 13,37.5,2299492,97.01 128.83 184
411,1494,12 12 12,38.5,2299415,96.94 128.21 185
412,1500,13 11 15,38,2299378,97.37 126.97 186
413,1496,13 11 14,38,2299378,97.37 126.97 186
414,1492,10 12 9,40,2299352,96.42 129.61 184
415,1484,8 10 11,41,2299322,95.44 128.84 187
416,1498,14 13 15,37,2299295,97.42 127.58 185
417,1470,6 11 13,41,2299288,93.85 129.63 189
418,1493,12 15 11,38,2299265,96.59 130.08 183
419,1490,12 15 10,38,2299265,96.59 130.08 183
420,1491,11 13 10,39,2299028,96.51 129.47 184
421,1498,11 14 1,40.5,2299005,97.55 131.66 179
422,1477,7 14 7,41,2298978,94.64 132.02 184
423,1466,5 15 10,41,2298673,93.05 132.82 186
424,1462,5 15 9,41,2298673,93.05 132.82 186
425,1500,12 15 3,39.5,2298598,97.65 131.51 179
426,1495,11 8 12,40,2298532,97.21 126.45 187
427,1498,12 7 14,39.5,2298522,97.65 125.21 188
428,1497,12 9 14,39,2298405,97.29 126.33 187
429,1494,10 9 8,41,2298367,97.03 128.04 185
430,1494,11 10 12,39.5,2298291,96.86 127.57 186
431,1490,9 13 5,41,2298278,96.23 131.22 182
432,1487,9 13 4,41,2298278,96.23 131.22 182
433,1500,11 6 13,40.5,2298231,97.55 125.31 188
434,1497,15 15 15,36,2298150,97.46 128.16 184
435,1495,13 13 14,37.5,2298062,97.01 128.05 185
436,1492,12 14 12,38,2297986,96.59 129.3 184
437,1500,11 13 3,40.5,2297922,97.55 130.86 180
438,1497,11 13 2,40.5,2297922,97.55 130.86 180
439,1491,10 11 10,40,2297751,96.42 128.82 185
440,1495,12 11 14,38.5,2297748,96.94 127.43 186
441,1492,12 11 13,38.5,2297748,96.94 127.43 186
442,1499,12 14 4,39.5,2297599,97.65 130.72 180
443,1475,7 13 8,41,2297548,94.64 131.22 185
444,1492,11 12 12,39,2297514,96.51 128.68 185
445,1490,9 6 15,41,2297513,96.23 125.66 190
446,1487,9 6 14,41,2297513,96.23 125.66 190
447,1482,8 9 12,41,2297348,95.44 128.04 188
448,1496,14 15 15,36.5,2297320,97.06 128.64 184
449,1493,14 15 14,36.5,2297320,97.06 128.64 184
450,1471,6 10 15,41,2297272,93.85 128.84 190
451,1468,6 10 14,41,2297272,93.85 128.84 190
452,1464,5 14 11,41,2297193,93.05 132.02 187
453,1489,9 12 6,41,2296900,96.23 130.43 183
454,1499,11 12 4,40.5,2296684,97.55 130.07 181
455,1500,13 15 6,38.5,2296567,97.72 130.56 180
456,1490,12 13 13,38,2296557,96.59 128.52 185
457,1493,13 12 15,37.5,2296481,97.01 127.27 186
458,1495,11 15 2,40,2296458,97.21 131.98 179
459,1497,12 13 5,39.5,2296445,97.65 129.93 181
460,1496,10 8 10,41,2296437,97.03 127.25 186
461,1493,10 8 9,41,2296437,97.03 127.25 186
462,1493,11 9 13,39.5,2296384,96.86 126.78 187
463,1497,11 7 14,40,2296381,97.21 125.66 188
464,1494,11 7 13,40,2296381,97.21 125.66 188
465,1495,12 8 15,39,2296344,97.29 125.54 188
466,1500,11 5 12,41,2296278,97.82 124.86 188
467,1492,13 15 14,37,2296216,96.65 129.12 184
468,1494,10 8 12,40.5,2296123,96.76 126.9 187
469,1477,7 12 10,41,2295967,94.64 130.43 186
470,1474,7 12 9,41,2295967,94.64 130.43 186
471,1494,12 10 15,38.5,2295929,96.94 126.65 187
472,1491,11 11 13,39,2295848,96.51 127.9 186
473,1498,11 5 14,40.5,2295833,97.55 124.52 189
474,1450,3 15 13,41,2295821,91.46 132.82 189
475,1463,5 13 12,41,2295565,93.05 131.22 188
476,1499,13 14 7,38.5,2295498,97.72 129.78 181
477,1497,11 14 4,40,2295459,97.21 131.19 180
478,1494,11 14 3,40,2295459,97.21 131.19 180
479,1488,9 11 7,41,2295370,96.23 129.63 184
480,1498,11 11 5,40.5,2295291,97.55 129.28 182
481,1499,11 11 3,41,2295267,97.82 129.63 181
482,1481,8 8 13,41,2295223,95.44 127.25 189
483,1499,12 12 7,39.5,2295138,97.65 129.15 182
484,1492,12 12 15,38,2294977,96.59 127.74 186
485,1491,13 14 15,37,2294871,96.65 128.35 185
486,1496,12 15 5,39,2294817,97.29 131.03 180
487,1500,14 12 10,38,2294380,98.15 127.74 183
488,1494,10 7 11,41,2294354,97.03 126.45 187
489,1494,11 8 15,39.5,2294325,96.86 126 188
490,1491,11 8 14,39.5,2294325,96.86 126 188
491,1496,11 13 5,40,2294307,97.21 130.4 181
492,1500,12 9 8,40,2294295,98 127.24 184
493,1497,13 13 8,38.5,2294275,97.72 129 182
494,1476,7 11 11,41,2294236,94.64 129.63 187
495,1481,8 15 3,41,2294236,95.44 132.82 181
496,1451,3 14 15,41,2294148,91.46 132.02 190
497,1448,3 14 14,41,2294148,91.46 132.02 190
498,1495,11 6 15,40,2294076,97.21 124.87 189
499,1492,10 7 13,40.5,2293974,96.76 126.11 188
500,1500,14 15 9,37.5,2293832,97.78 129.6 181
501,1495,10 15 0,41,2293814,97.03 132.82 178
502,1499,11 4 13,41,2293789,97.82 124.07 189
503,1462,5 12 13,41,2293789,93.05 130.43 189
504,1498,11 10 4,41,2293789,97.82 128.84 182
505,1494,12 14 6,39,2293749,97.29 130.25 181
506,1496,11 10 6,40.5,2293744,97.55 128.48 183
507,1486,9 10 8,41,2293686,96.23 128.84 185
508,1498,12 11 8,39.5,2293677,97.65 128.36 183
509,1469,6 15 7,41,2293391,93.85 132.82 184
510,1497,11 4 15,40.5,2293280,97.55 123.73 190
511,1483,8 14 5,41,2293098,95.44 132.02 182
512,1479,8 14 4,41,2293098,95.44 132.02 182
513,1492,10 14 3,40.5,2293053,96.76 131.66 180
514,1495,11 12 6,40,2293001,97.21 129.61 182
515,1482,8 7 15,41,2292946,95.44 126.45 190
516,1479,8 7 14,41,2292946,95.44 126.45 190
517,1499,13 12 10,38.5,2292900,97.72 128.21 183
518,1494,10 14 1,41,2292888,97.03 132.02 179
519,1491,11 15 4,39.5,2292799,96.86 131.51 180
520,1498,14 14 10,37.5,2292694,97.78 128.83 182
521,1496,12 13 8,39,2292527,97.29 129.47 182
522,1493,12 13 7,39,2292527,97.29 129.47 182
523,1496,13 15 8,38,2292476,97.37 130.08 181
524,1474,7 10 12,41,2292354,94.64 128.84 188
525,1500,13 9 11,39,2292161,98.08 126.33 185
526,1500,11 9 6,41,2292155,97.82 128.04 183
527,1493,10 6 12,41,2292116,97.03 125.66 188
528,1497,12 10 9,39.5,2292062,97.65 127.57 184
529,1467,6 14 8,41,2292048,93.85 132.02 185
530,1498,11 9 8,40.5,2292042,97.55 127.69 184
531,1495,11 9 7,40.5,2292042,97.55 127.69 184
532,1463,5 11 15,41,2291864,93.05 129.63 190
533,1460,5 11 14,41,2291864,93.05 129.63 190
534,1488,9 9 10,41,2291849,96.23 128.04 186
535,1485,9 9 9,41,2291849,96.23 128.04 186
536,1481,8 13 6,41,2291808,95.44 131.22 183
537,1493,10 13 2,41,2291808,97.03 131.22 180
538,1493,11 14 6,39.5,2291731,96.86 130.72 181
539,1490,11 14 5,39.5,2291731,96.86 130.72 181
540,1493,11 11 7,40,2291541,97.21 128.82 183
541,1500,14 13 12,37.5,2291404,97.78 128.05 183
542,1497,14 13 11,37.5,2291404,97.78 128.05 183
543,1498,13 11 11,38.5,2291372,97.72 127.43 184
544,1494,13 14 9,38,2291339,97.37 129.3 182
545,1456,4 15 11,41,2291279,92.25 132.82 187
546,1495,12 12 9,39,2291153,97.29 128.68 183
547,1500,11 3 15,41,2291143,97.82 123.27 190
548,1497,11 3 14,41,2291143,97.82 123.27 190
549,1499,15 12 13,37,2291046,98.19 126.8 184
550,1491,12 15 7,38.5,2290851,96.94 130.56 181
551,1492,10 12 3,41,2290573,97.03 130.43 181
552,1469,6 13 10,41,2290555,93.85 131.22 186
553,1466,6 13 9,41,2290555,93.85 131.22 186
554,1492,11 13 7,39.5,2290511,96.86 129.93 182
555,1500,12 7 11,40,2290423,98 125.66 186
556,1499,15 15 12,36.5,2290383,97.83 128.64 182
557,1498,11 8 7,41,2290365,97.82 127.25 184
558,1480,8 12 7,41,2290365,95.44 130.43 184
559,1473,7 9 13,41,2290322,94.64 128.04 189
560,1498,12 9 11,39.5,2290294,97.65 126.78 185
561,1495,12 9 10,39.5,2290294,97.65 126.78 185
562,1497,11 8 9,40.5,2290185,97.55 126.9 185
563,1496,13 13 11,38,2290050,97.37 128.52 183
564,1493,13 13 10,38,2290050,97.37 128.52 183
565,1499,14 12 13,37.5,2289962,97.78 127.27 184
566,1495,11 10 9,40,2289928,97.21 128.03 184
567,1492,11 10 8,40,2289928,97.21 128.03 184
568,1487,9 8 11,41,2289859,96.23 127.25 187
569,1455,4 14 12,41,2289738,92.25 132.02 188
570,1491,10 5 13,41,2289724,97.03 124.86 189
571,1493,12 14 9,38.5,2289715,96.94 129.78 182
572,1490,12 14 8,38.5,2289715,96.94 129.78 182
573,1497,13 10 12,38.5,2289691,97.72 126.65 185
574,1494,12 11 10,39,2289626,97.29 127.9 184
575,1495,14 15 11,37,2289427,97.42 129.12 182
576,1499,14 9 14,38,2289334,98.15 125.41 186
577,1494,10 11 5,41,2289184,97.03 129.63 182
578,1490,10 11 4,41,2289184,97.03 129.63 182
579,1497,15 14 13,36.5,2289178,97.83 127.87 183
580,1490,11 12 8,39.5,2289138,96.86 129.15 183
581,1468,6 12 11,41,2288913,93.85 130.43 187
582,1479,8 11 8,41,2288772,95.44 129.63 185
583,1495,13 12 12,38,2288609,97.37 127.74 184
584,1500,12 11 2,40.5,2288524,98.35 129.28 180
585,1492,12 13 10,38.5,2288426,96.94 129 183
586,1497,11 7 8,41,2288421,97.82 126.45 185
587,1500,12 14 1,40,2288409,98 131.19 178
588,1497,12 8 12,39.5,2288372,97.65 126 186
589,1497,14 11 14,37.5,2288368,97.78 126.5 185
590,1498,12 6 12,40,2288254,98 124.87 187
591,1494,14 14 12,37,2288222,97.42 128.35 183
592,1491,13 15 10,37.5,2288200,97.01 129.6 182
593,1495,11 7 10,40.5,2288173,97.55 126.11 186
594,1494,11 9 10,40,2288161,97.21 127.24 185
595,1500,13 7 14,39,2288159,98.08 124.76 187
596,1474,7 8 15,41,2288139,94.64 127.25 190
597,1471,7 8 14,41,2288139,94.64 127.25 190
598,1453,4 13 13,41,2288051,92.25 131.22 189
599,1495,12 10 12,39,2287947,97.29 127.11 185
600,1492,12 10 11,39,2287947,97.29 127.11 185
601,1443,2 15 15,41,2287899,90.66 132.82 190
602,1440,2 15 14,41,2287899,90.66 132.82 190
603,1498,13 9 14,38.5,2287858,97.72 125.87 186
604,1495,13 9 13,38.5,2287858,97.72 125.87 186
605,1499,15 13 15,36.5,2287821,97.83 127.1 184
606,1496,15 13 14,36.5,2287821,97.83 127.1 184
607,1486,9 15 1,41,2287793,96.23 132.82 179
608,1485,9 7 12,41,2287717,96.23 126.45 188
609,1475,7 15 5,41,2287687,94.64 132.82 182
610,1471,7 15 4,41,2287687,94.64 132.82 182
611,1492,10 10 6,41,2287641,97.03 128.84 183
612,1498,13 15 2,39,2287620,98.08 131.03 178
613,1498,12 13 2,40,2287402,98 130.4 179
614,1493,10 4 15,41,2287178,97.03 124.07 190
615,1489,10 4 14,41,2287178,97.03 124.07 190
616,1466,6 11 12,41,2287122,93.85 129.63 188
617,1480,8 10 10,41,2287026,95.44 128.84 186
618,1477,8 10 9,41,2287026,95.44 128.84 186
619,1493,13 11 13,38,2287016,97.37 126.97 185
620,1493,13 14 12,37.5,2286995,97.01 128.83 183
621,1490,13 14 11,37.5,2286995,97.01 128.83 183
622,1491,12 12 11,38.5,2286986,96.94 128.21 184
623,1500,13 11 5,39.5,2286905,98.43 128.36 181
624,1495,14 13 14,37,2286866,97.42 127.58 184
625,1492,14 13 13,37,2286866,97.42 127.58 184
626,1485,9 14 2,41,2286798,96.23 132.02 180
627,1500,13 14 4,39,2286697,98.08 130.25 179
628,1496,14 10 15,37.5,2286623,97.78 125.72 186
629,1473,7 14 6,41,2286483,94.64 132.02 183
630,1499,11 6 10,41,2286320,97.82 125.66 186
631,1495,11 6 9,41,2286320,97.82 125.66 186
632,1459,5 15 8,41,2286314,93.05 132.82 185
633,1495,12 7 13,39.5,2286295,97.65 125.21 187
634,1492,11 8 11,40,2286240,97.21 126.45 186
635,1500,12 12 4,40,2286240,98 129.61 180
636,1497,12 12 3,40,2286240,98 129.61 180
637,1455,4 12 15,41,2286216,92.25 130.43 190
638,1452,4 12 14,41,2286216,92.25 130.43 190
639,1495,11 14 0,40.5,2286162,97.55 131.66 178
640,1494,12 9 13,39,2286114,97.29 126.33 186
641,1497,11 6 12,40.5,2286007,97.55 125.31 187
642,1494,11 6 11,40.5,2286007,97.55 125.31 187
643,1491,10 9 7,41,2285943,97.03 128.04 184
644,1491,11 10 11,39.5,2285934,96.86 127.57 185
645,1500,12 5 14,40,2285931,98 124.08 188
646,1497,12 5 13,40,2285931,98 124.08 188
647,1498,13 6 15,39,2285927,98.08 123.97 188
648,1497,13 8 15,38.5,2285871,97.72 125.09 187
649,1497,12 15 2,39.5,2285757,97.65 131.51 178
650,1494,15 15 14,36,2285660,97.46 128.16 183
651,1484,9 13 3,41,2285650,96.23 131.22 181
652,1491,13 13 13,37.5,2285640,97.01 128.05 184
653,1499,13 13 5,39,2285620,98.08 129.47 180
654,1500,12 9 5,40.5,2285560,98.35 127.69 182
655,1484,9 6 13,41,2285421,96.23 125.66 189
656,1494,14 12 15,37,2285360,97.42 126.8 185
657,1498,14 15 5,38,2285282,98.15 130.08 179
658,1495,13 10 15,38,2285272,97.37 126.19 186
659,1492,13 10 14,38,2285272,97.37 126.19 186
660,1465,6 10 13,41,2285181,93.85 128.84 189
661,1494,11 13 1,40.5,2285156,97.55 130.86 179
662,1479,8 9 11,41,2285128,95.44 128.04 187
663,1472,7 13 7,41,2285128,94.64 131.22 184
664,1499,12 11 5,40,2284924,98 128.82 181
665,1498,11 13 0,41,2284920,97.82 131.22 178
666,1461,5 14 10,41,2284908,93.05 132.02 186
667,1458,5 14 9,41,2284908,93.05 132.02 186
668,1490,14 15 13,36.5,2284834,97.06 128.64 183
669,1495,12 14 3,39.5,2284834,97.65 130.72 179
670,1500,14 11 8,38.5,2284598,98.51 127.43 182
671,1492,15 14 15,36,2284388,97.46 127.39 184
672,1497,13 12 6,39,2284388,98.08 128.68 181
673,1486,9 12 5,41,2284349,96.23 130.43 182
674,1483,9 12 4,41,2284349,96.23 130.43 182
675,1500,14 14 7,38,2284289,98.15 129.3 180
676,1491,11 7 12,40,2284166,97.21 125.66 187
677,1490,13 12 14,37.5,2284134,97.01 127.27 185
678,1492,12 8 14,39,2284130,97.29 125.54 187
679,1489,10 8 8,41,2284091,97.03 127.25 185
680,1497,12 6 15,39.5,2284065,97.65 124.42 188
681,1494,12 6 14,39.5,2284065,97.65 124.42 188
682,1497,11 5 11,41,2284064,97.82 124.86 187
683,1496,11 12 3,40.5,2283995,97.55 130.07 180
684,1492,11 12 2,40.5,2283995,97.55 130.07 180
685,1499,12 8 6,40.5,2283844,98.35 126.9 183
686,1497,11 12 1,41,2283830,97.82 130.43 179
687,1497,13 15 5,38.5,2283809,97.72 130.56 179
688,1494,13 15 4,38.5,2283809,97.72 130.56 179
689,1494,12 13 4,39.5,2283758,97.65 129.93 180
690,1495,11 5 13,40.5,2283686,97.55 124.52 188
691,1447,3 15 12,41,2283674,91.46 132.82 188
692,1491,12 10 14,38.5,2283652,96.94 126.65 186
693,1492,11 15 1,40,2283628,97.21 131.98 178
694,1471,7 12 8,41,2283623,94.64 130.43 185
695,1492,14 14 15,36.5,2283563,97.06 127.87 184
696,1498,12 4 15,40,2283452,98 123.29 189
697,1498,12 10 6,40,2283452,98 128.03 182
698,1460,5 13 11,41,2283354,93.05 131.22 187
699,1498,14 13 8,38,2283142,98.15 128.52 181
700,1467,6 9 15,41,2283092,93.85 128.04 190
701,1464,6 9 14,41,2283092,93.85 128.04 190
702,1478,8 8 12,41,2283079,95.44 127.25 188
703,1499,13 11 8,39,2283003,98.08 127.9 182
704,1496,13 11 7,39,2283003,98.08 127.9 182
705,1485,9 5 15,41,2282972,96.23 124.86 190
706,1482,9 5 14,41,2282972,96.23 124.86 190
707,1485,9 11 6,41,2282895,96.23 129.63 183
708,1496,13 14 6,38.5,2282815,97.72 129.78 180
709,1491,11 14 2,40,2282707,97.21 131.19 179
710,1494,11 11 4,40.5,2282680,97.55 129.28 181
711,1496,11 11 2,41,2282586,97.82 129.63 180
712,1496,12 12 6,39.5,2282528,97.65 129.15 181
713,1493,12 12 5,39.5,2282528,97.65 129.15 181
714,1499,12 2 15,40.5,2282284,98.35 122.14 190
715,1500,15 15 9,37,2282239,98.19 129.12 180
716,1497,15 15 8,37,2282239,98.19 129.12 180
717,1491,10 7 10,41,2282085,97.03 126.45 186
718,1488,10 7 9,41,2282085,97.03 126.45 186
719,1445,3 14 13,41,2282073,91.46 132.02 189
720,1492,12 15 4,39,2282068,97.29 131.03 179
721,1499,13 8 9,39.5,2282022,98.43 126 184
722,1491,12 7 15,39,2281992,97.29 124.76 188
723,1498,12 7 7,40.5,2281972,98.35 126.11 184
724,1473,7 11 10,41,2281967,94.64 129.63 186
725,1469,7 11 9,41,2281967,94.64 129.63 186
726,1492,11 6 14,40,2281938,97.21 124.87 188
727,1497,14 12 9,38,2281842,98.15 127.74 182
728,1496,12 9 7,40,2281826,98 127.24 183
729,1494,13 13 7,38.5,2281669,97.72 129 181
730,1495,11 4 12,41,2281652,97.82 124.07 188
731,1458,5 12 12,41,2281652,93.05 130.43 188
732,1493,11 13 4,40,2281631,97.21 130.4 180
733,1500,15 11 11,37.5,2281595,98.56 126.5 183
734,1477,8 15 2,41,2281561,95.44 132.82 180
735,1498,13 10 9,39,2281464,98.08 127.11 183
736,1483,9 10 7,41,2281288,96.23 128.84 184
737,1493,11 4 14,40.5,2281210,97.55 123.73 189
738,1493,11 10 5,40.5,2281210,97.55 128.48 182
739,1495,11 10 3,41,2281185,97.82 128.84 181
740,1499,15 14 10,37,2281176,98.19 128.35 181
741,1496,14 15 8,37.5,2281159,97.78 129.6 180
742,1493,14 15 7,37.5,2281159,97.78 129.6 180
743,1495,12 11 7,39.5,2281143,97.65 128.36 182
744,1491,12 14 5,39,2281076,97.29 130.25 180
745,1465,6 15 6,41,2280927,93.85 132.82 183
746,1476,8 7 13,41,2280878,95.44 126.45 189
747,1476,8 14 3,41,2280498,95.44 132.02 181
748,1492,11 12 5,40,2280402,97.21 129.61 181
749,1499,14 11 11,38,2280390,98.15 126.97 183
750,1496,14 11 10,38,2280390,98.15 126.97 183
751,1496,13 12 9,38.5,2280371,97.72 128.21 182
752,1493,13 12 8,38.5,2280371,97.72 128.21 182
753,1447,3 13 15,41,2280328,91.46 131.22 190
754,1444,3 13 14,41,2280328,91.46 131.22 190
755,1471,7 10 11,41,2280161,94.64 128.84 187
756,1495,14 14 9,37.5,2280097,97.78 128.83 181
757,1498,13 7 10,39.5,2280084,98.43 125.21 185
758,1491,10 14 0,41,2280078,97.03 132.02 178
759,1498,12 8 9,40,2280045,98 126.45 184
760,1495,12 8 8,40,2280045,98 126.45 184
761,1499,12 1 14,41,2279967,98.62 121.68 190
762,1498,15 13 11,37,2279961,98.19 127.58 182
763,1499,12 6 9,40.5,2279944,98.35 125.31 185
764,1490,12 13 6,39,2279931,97.29 129.47 181
765,1490,10 6 11,41,2279924,97.03 125.66 187
766,1492,13 15 7,38,2279811,97.37 130.08 180
767,1457,5 11 13,41,2279802,93.05 129.63 189
768,1496,13 9 10,39,2279771,98.08 126.33 184
769,1464,6 14 7,41,2279658,93.85 132.02 184
770,1497,11 9 5,41,2279629,97.82 128.04 182
771,1493,11 9 4,41,2279629,97.82 128.04 182
772,1493,12 10 8,39.5,2279606,97.65 127.57 183
773,1491,11 5 15,40,2279557,97.21 124.08 189
774,1482,9 9 8,41,2279528,96.23 128.04 185
775,1499,14 8 12,38.5,2279515,98.51 125.09 185
776,1478,8 13 5,41,2279284,95.44 131.22 182
777,1475,8 13 4,41,2279284,95.44 131.22 182
778,1494,11 3 13,41,2279085,97.82 123.27 189
779,1490,10 13 1,41,2279075,97.03 131.22 179
780,1453,4 15 10,41,2279026,92.25 132.82 186
781,1450,4 15 9,41,2279026,92.25 132.82 186
782,1490,11 11 6,40,2279019,97.21 128.82 182
783,1495,13 11 10,38.5,2278919,97.72 127.43 183
784,1494,14 13 10,37.5,2278883,97.78 128.05 182
785,1497,14 10 12,38,2278784,98.15 126.19 184
786,1491,13 14 8,38,2278749,97.37 129.3 181
787,1492,12 12 8,39,2278633,97.29 128.68 182
788,1496,15 12 12,37,2278595,98.19 126.8 183
789,1478,8 6 15,41,2278525,95.44 125.66 190
790,1474,8 6 14,41,2278525,95.44 125.66 190
791,1463,6 13 8,41,2278240,93.85 131.22 185
792,1500,15 9 14,37.5,2278229,98.56 124.95 185
793,1470,7 9 12,41,2278204,94.64 128.04 188
794,1497,12 7 10,40,2278109,98 125.66 185
795,1500,12 5 8,41,2278006,98.62 124.86 185
796,1499,13 6 12,39.5,2277991,98.43 124.42 186
797,1498,13 8 12,39,2277924,98.08 125.54 185
798,1495,13 8 11,39,2277924,98.08 125.54 185
799,1495,11 8 6,41,2277918,97.82 127.25 183
800,1477,8 12 6,41,2277918,95.44 130.43 183
801,1488,10 12 2,41,2277918,97.03 130.43 180
802,1492,12 9 9,39.5,2277914,97.65 126.78 184
803,1493,11 8 8,40.5,2277805,97.55 126.9 184
804,1459,5 10 15,41,2277804,93.05 128.84 190
805,1456,5 10 14,41,2277804,93.05 128.84 190
806,1496,15 15 11,36.5,2277799,97.83 128.64 181
807,1492,15 15 10,36.5,2277799,97.83 128.64 181
808,1498,12 5 10,40.5,2277760,98.35 124.52 186
809,1484,9 8 10,41,2277614,96.23 127.25 186
810,1480,9 8 9,41,2277614,96.23 127.25 186
811,1488,10 5 12,41,2277609,97.03 124.86 188
812,1452,4 14 11,41,2277559,92.25 132.02 187
813,1490,13 13 9,38,2277536,97.37 128.52 182
814,1498,13 14 0,39.5,2277526,98.43 130.72 177
815,1496,14 12 12,37.5,2277517,97.78 127.27 183
816,1492,14 12 11,37.5,2277517,97.78 127.27 183
817,1498,14 7 13,38.5,2277513,98.51 124.3 186
818,1493,13 10 11,38.5,2277315,97.72 126.65 184
819,1490,12 11 9,39,2277183,97.29 127.9 183
820,1498,15 11 14,37,2277076,98.19 126.03 184
821,1495,15 11 13,37,2277076,98.19 126.03 184
822,1496,14 9 13,38,2277026,98.15 125.41 185
823,1498,12 12 0,40.5,2276980,98.35 130.07 178
824,1492,14 15 10,37,2276848,97.42 129.12 181
825,1465,6 12 10,41,2276673,93.85 130.43 186
826,1462,6 12 9,41,2276673,93.85 130.43 186
827,1494,15 14 12,36.5,2276669,97.83 127.87 182
828,1487,10 11 3,41,2276606,97.03 129.63 181
829,1500,13 13 2,39.5,2276596,98.43 129.93 178
830,1500,13 10 3,40,2276572,98.79 128.03 180
831,1475,8 11 7,41,2276400,95.44 129.63 184
832,1495,11 2 15,41,2276362,97.82 122.48 190
833,1492,11 2 14,41,2276362,97.82 122.48 190
834,1499,14 15 2,38.5,2276358,98.51 130.56 177
835,1498,15 8 15,37.5,2276317,98.56 124.17 186
836,1492,13 12 11,38,2276170,97.37 127.74 183
837,1468,7 8 13,41,2276096,94.64 127.25 189
838,1494,12 8 11,39.5,2276068,97.65 126 185
839,1491,12 8 10,39.5,2276068,97.65 126 185
840,1494,11 7 7,41,2276051,97.82 126.45 184
841,1495,12 6 11,40,2276017,98 124.87 186
842,1494,14 11 13,37.5,2275999,97.78 126.5 184
843,1450,4 13 12,41,2275944,92.25 131.22 188
844,1497,13 7 13,39,2275923,98.08 124.76 186
845,1437,2 15 13,41,2275857,90.66 132.82 189
846,1497,12 11 1,40.5,2275810,98.35 129.28 179
847,1491,11 9 9,40,2275793,97.21 127.24 184
848,1498,13 5 13,39.5,2275743,98.43 123.63 187
849,1498,12 4 9,41,2275732,98.62 124.07 186
850,1490,14 14 11,37,2275718,97.42 128.35 182
851,1492,13 9 12,38.5,2275557,97.72 125.87 185
852,1496,12 14 0,40,2275553,98 131.19 177
853,1482,9 7 11,41,2275548,96.23 126.45 187
854,1498,13 12 3,39.5,2275510,98.43 129.15 179
855,1498,14 14 3,38.5,2275510,98.51 129.78 178
856,1499,12 4 12,40.5,2275420,98.35 123.73 187
857,1496,12 4 11,40.5,2275420,98.35 123.73 187
858,1497,15 10 15,37,2275406,98.19 125.26 185
859,1493,15 13 13,36.5,2275388,97.83 127.1 183
860,1499,14 6 15,38.5,2275356,98.51 123.52 187
861,1486,10 4 13,41,2275140,97.03 124.07 189
862,1489,10 10 5,41,2275140,97.03 128.84 182
863,1486,10 10 4,41,2275140,97.03 128.84 182
864,1468,7 15 3,41,2275118,94.64 132.82 181
865,1498,14 8 15,38,2275115,98.15 124.63 186
866,1494,14 8 14,38,2275115,98.15 124.63 186
867,1500,14 4 15,39,2275047,98.86 122.4 188
868,1483,9 15 0,41,2275012,96.23 132.82 178
869,1499,13 3 13,40,2275011,98.79 122.5 188
870,1463,6 11 11,41,2274956,93.85 129.63 187
871,1495,13 15 1,39,2274769,98.08 131.03 177
872,1474,8 10 8,41,2274730,95.44 128.84 185
873,1490,13 11 12,38,2274654,97.37 126.97 184
874,1495,12 13 1,40,2274623,98 130.4 178
875,1500,14 10 6,39,2274582,98.86 127.11 181
876,1500,14 13 5,38.5,2274509,98.51 129 179
877,1496,14 13 4,38.5,2274509,98.51 129 179
878,1499,12 10 3,40.5,2274484,98.35 128.48 180
879,1495,12 10 2,40.5,2274484,98.35 128.48 180
880,1493,14 10 14,37.5,2274329,97.78 125.72 185
881,1500,12 10 1,41,2274320,98.62 128.84 179
882,1497,13 11 4,39.5,2274270,98.43 128.36 180
883,1439,2 14 15,41,2274199,90.66 132.02 190
884,1436,2 14 14,41,2274199,90.66 132.02 190
885,1449,4 12 13,41,2274184,92.25 130.43 189
886,1482,9 14 1,41,2274094,96.23 132.02 179
887,1492,12 7 12,39.5,2274069,97.65 125.21 186
888,1492,11 6 8,41,2274028,97.82 125.66 185
889,1470,7 14 5,41,2273989,94.64 132.02 182
890,1467,7 14 4,41,2273989,94.64 132.02 182
891,1495,15 12 15,36.5,2273956,97.83 126.33 184
892,1491,15 12 14,36.5,2273956,97.83 126.33 184
893,1456,5 15 7,41,2273956,93.05 132.82 184
894,1497,13 14 3,39,2273922,98.08 130.25 178
895,1493,13 14 2,39,2273922,98.08 130.25 178
896,1470,7 7 15,41,2273838,94.64 126.45 190
897,1467,7 7 14,41,2273838,94.64 126.45 190
898,1491,12 9 12,39,2273824,97.29 126.33 185
899,1493,12 5 12,40,2273771,98 124.08 187
900,1495,13 6 14,39,2273768,98.08 123.97 187
901,1499,15 15 5,37.5,2273716,98.56 129.6 178
902,1493,13 8 14,38.5,2273647,97.72 125.09 186
903,1490,13 8 13,38.5,2273647,97.72 125.09 186
904,1494,12 12 2,40,2273539,98 129.61 179
905,1488,10 9 6,41,2273519,97.03 128.04 183
906,1500,13 8 6,40,2273449,98.79 126.45 182
907,1498,14 12 6,38.5,2273354,98.51 128.21 180
908,1499,13 4 15,39.5,2273340,98.43 122.85 188
909,1496,13 4 14,39.5,2273340,98.43 122.85 188
910,1480,9 6 12,41,2273328,96.23 125.66 188
911,1500,12 3 11,41,2273301,98.62 123.27 187
912,1491,15 15 13,36,2273170,97.46 128.16 182
913,1462,6 10 12,41,2273091,93.85 128.84 188
914,1499,14 9 7,39,2273031,98.86 126.33 182
915,1481,9 13 2,41,2273022,96.23 131.22 180
916,1491,14 12 14,37,2273006,97.42 126.8 184
917,1497,12 9 4,40.5,2273002,98.35 127.69 181
918,1498,12 3 13,40.5,2272924,98.35 122.93 188
919,1495,13 13 4,39,2272922,98.08 129.47 179
920,1493,12 15 1,39.5,2272916,97.65 131.51 177
921,1490,12 15 0,39.5,2272916,97.65 131.51 177
922,1476,8 9 10,41,2272908,95.44 128.04 186
923,1473,8 9 9,41,2272908,95.44 128.04 186
924,1499,12 9 2,41,2272908,98.62 128.04 180
925,1499,13 10 6,39.5,2272875,98.43 127.57 181
926,1496,13 10 5,39.5,2272875,98.43 127.57 181
927,1497,15 14 6,37.5,2272798,98.56 128.83 179
928,1469,7 13 6,41,2272709,94.64 131.22 183
929,1455,5 14 8,41,2272624,93.05 132.02 185
930,1488,10 3 15,41,2272516,97.03 123.27 190
931,1485,10 3 14,41,2272516,97.03 123.27 190
932,1495,14 15 4,38,2272515,98.15 130.08 178
933,1491,14 9 15,37.5,2272508,97.78 124.95 186
934,1500,13 2 15,40,2272356,98.79 121.71 189
935,1496,12 11 4,40,2272300,98 128.82 180
936,1493,12 11 3,40,2272300,98 128.82 180
937,1451,4 11 15,41,2272276,92.25 129.63 190
938,1448,4 11 14,41,2272276,92.25 129.63 190
939,1492,12 14 2,39.5,2272070,97.65 130.72 178
940,1497,14 11 7,38.5,2272045,98.51 127.43 181
941,1491,12 6 13,39.5,2271916,97.65 124.42 187
942,1500,15 10 9,38,2271904,98.92 126.19 182
943,1494,11 5 10,41,2271850,97.82 124.86 186
944,1491,11 5 9,41,2271850,97.82 124.86 186
945,1479,9 12 3,41,2271798,96.23 130.43 181
946,1494,13 12 5,39,2271767,98.08 128.68 180
947,1486,10 8 7,41,2271745,97.03 127.25 184
948,1499,15 13 8,37.5,2271727,98.56 128.05 180
949,1496,15 13 7,37.5,2271727,98.56 128.05 180
950,1499,13 7 7,40,2271654,98.79 125.66 183
951,1497,14 14 6,38,2271598,98.15 129.3 179
952,1493,14 14 5,38,2271598,98.15 129.3 179
953,1492,13 7 15,38.5,2271585,97.72 124.3 187
954,1444,3 15 11,41,2271526,91.46 132.82 187
955,1493,13 5 15,39,2271459,98.08 123.19 188
956,1500,13 5 7,40.5,2271440,99.14 124.52 184
957,1495,12 4 14,40,2271371,98 123.29 188
958,1492,12 4 13,40,2271371,98 123.29 188
959,1496,12 8 5,40.5,2271364,98.35 126.9 182
960,1497,12 8 3,41,2271340,98.62 127.25 181
961,1498,13 9 7,39.5,2271325,98.43 126.78 182
962,1500,14 8 9,39,2271324,98.86 125.54 183
963,1468,7 12 7,41,2271279,94.64 130.43 184
964,1490,13 9 15,38,2271165,97.37 125.41 186
965,1457,5 13 10,41,2271144,93.05 131.22 186
966,1454,5 13 9,41,2271144,93.05 131.22 186
967,1460,6 9 13,41,2271075,93.85 128.04 189
968,1494,11 12 0,41,2271072,97.82 130.43 178
969,1491,12 13 3,39.5,2271070,97.65 129.93 179
970,1490,13 15 3,38.5,2271050,97.72 130.56 178
971,1479,9 5 13,41,2270956,96.23 124.86 189
972,1474,8 8 11,41,2270935,95.44 127.25 187
973,1494,12 10 5,40,2270906,98 128.03 181
974,1498,12 2 12,41,2270712,98.62 122.48 188
975,1499,14 10 9,38.5,2270582,98.51 126.65 182
976,1496,14 10 8,38.5,2270582,98.51 126.65 182
977,1495,14 13 7,38,2270528,98.15 128.52 180
978,1498,15 12 9,37.5,2270504,98.56 127.27 181
979,1493,13 11 6,39,2270459,98.08 127.9 181
980,1481,9 11 5,41,2270420,96.23 129.63 182
981,1478,9 11 4,41,2270420,96.23 129.63 182
982,1498,15 9 10,38,2270286,98.92 125.41 183
983,1496,12 2 14,40.5,2270272,98.35 122.14 189
984,1492,13 14 5,38.5,2270133,97.72 129.78 179
985,1442,3 14 12,41,2269999,91.46 132.02 188
986,1493,11 11 1,41,2269905,97.82 129.63 179
987,1485,10 7 8,41,2269815,97.03 126.45 185
988,1497,13 6 8,40,2269702,98.79 124.87 184
989,1466,7 11 8,41,2269698,94.64 129.63 185
990,1496,13 8 8,39.5,2269619,98.43 126 183
991,1499,12 7 5,41,2269614,98.62 126.45 182
992,1496,12 7 4,41,2269614,98.62 126.45 182
993,1492,12 5 15,39.5,2269609,97.65 123.63 188
994,1494,12 7 6,40.5,2269570,98.35 126.11 183
995,1494,15 15 7,37,2269560,98.19 129.12 179
996,1492,11 4 11,41,2269516,97.82 124.07 187
997,1455,5 12 11,41,2269516,93.05 130.43 187
998,1499,14 7 10,39,2269462,98.86 124.76 184
999,1500,14 5 10,39.5,2269415,99.22 123.63 185
1000,1493,12 9 6,40,2269357,98 127.24 182
1001,1494,14 12 8,38,2269305,98.15 127.74 181
1002,1497,15 11 10,37.5,2269127,98.56 126.5 182
1003,1491,13 13 6,38.5,2269063,97.72 129 180
1004,1495,13 10 8,39,2268997,98.08 127.11 182
1005,1491,13 10 7,39,2268997,98.08 127.11 182
1006,1497,14 9 10,38.5,2268964,98.51 125.87 183
1007,1462,6 8 15,41,2268911,93.85 127.25 190
1008,1459,6 8 14,41,2268911,93.85 127.25 190
1009,1480,9 10 6,41,2268889,96.23 128.84 183
1010,1474,8 15 1,41,2268886,95.44 132.82 179
1011,1493,12 3 15,40,2268815,98 122.5 189
1012,1473,8 7 12,41,2268810,95.44 126.45 188
1013,1492,12 11 6,39.5,2268610,97.65 128.36 181
1014,1491,11 10 2,41,2268582,97.82 128.84 180
1015,1496,15 14 9,37,2268573,98.19 128.35 180
1016,1493,15 14 8,37,2268573,98.19 128.35 180
1017,1500,15 8 12,38,2268513,98.92 124.63 184
1018,1490,14 15 6,37.5,2268486,97.78 129.6 179
1019,1462,6 15 5,41,2268463,93.85 132.82 182
1020,1459,6 15 4,41,2268463,93.85 132.82 182
1021,1480,9 4 15,41,2268430,96.23 124.07 190
1022,1477,9 4 14,41,2268430,96.23 124.07 190
1023,1441,3 13 13,41,2268326,91.46 131.22 189
1024,1500,14 12 0,39.5,2268086,99.22 129.15 177
1025,1496,12 1 13,41,2267967,98.62 121.68 189
1026,1468,7 10 10,41,2267967,94.64 128.84 186
1027,1465,7 10 9,41,2267967,94.64 128.84 186
1028,1493,14 11 9,38,2267929,98.15 126.97 182
1029,1473,8 14 2,41,2267899,95.44 132.02 180
1030,1490,13 12 7,38.5,2267841,97.72 128.21 181
1031,1430,1 15 15,41,2267829,89.87 132.82 190
1032,1427,1 15 14,41,2267829,89.87 132.82 190
1033,1495,13 7 9,39.5,2267759,98.43 125.21 184
1034,1454,5 11 12,41,2267740,93.05 129.63 188
1035,1486,10 6 10,41,2267732,97.03 125.66 186
1036,1483,10 6 9,41,2267732,97.03 125.66 186
1037,1498,12 6 6,41,2267732,98.62 125.66 183
1038,1492,12 8 7,40,2267653,98 126.45 183
1039,1496,12 6 8,40.5,2267620,98.35 125.31 184
1040,1493,12 6 7,40.5,2267620,98.35 125.31 184
1041,1498,15 10 12,37.5,2267597,98.56 125.72 183
1042,1495,15 10 11,37.5,2267597,98.56 125.72 183
1043,1499,13 5 10,40,2267594,98.79 124.08 185
1044,1492,14 14 8,37.5,2267499,97.78 128.83 180
1045,1494,12 1 15,40.5,2267464,98.35 121.35 190
1046,1497,14 6 11,39,2267445,98.86 123.97 185
1047,1495,15 13 10,37,2267434,98.19 127.58 181
1048,1493,13 9 9,39,2267381,98.08 126.33 183
1049,1461,6 14 6,41,2267269,93.85 132.02 183
1050,1479,9 9 7,41,2267206,96.23 128.04 184
1051,1496,14 8 11,38.5,2267193,98.51 125.09 184
1052,1490,12 10 7,39.5,2267149,97.65 127.57 182
1053,1490,11 9 3,41,2267104,97.82 128.04 181
1054,1491,11 3 12,41,2267026,97.82 123.27 188
1055,1500,13 3 10,40.5,2266879,99.14 122.93 186
1056,1447,4 15 8,41,2266773,92.25 132.82 185
1057,1472,8 13 3,41,2266760,95.44 131.22 181
1058,1500,15 5 13,38.5,2266713,99.29 122.74 186
1059,1498,15 7 13,38,2266587,98.92 123.85 185
1060,1471,8 6 13,41,2266533,95.44 125.66 189
1061,1443,3 12 15,41,2266507,91.46 130.43 190
1062,1440,3 12 14,41,2266507,91.46 130.43 190
1063,1492,13 11 9,38.5,2266466,97.72 127.43 182
1064,1494,14 10 11,38,2266400,98.15 126.19 183
1065,1491,14 10 10,38,2266400,98.15 126.19 183
1066,1491,14 13 9,37.5,2266361,97.78 128.05 181
1067,1499,14 14 0,39,2266359,98.86 130.25 176
1068,1486,10 13 0,41,2266343,97.03 131.22 178
1069,1499,13 12 0,40,2266267,98.79 129.61 177
1070,1493,15 12 11,37,2266143,98.19 126.8 182
1071,1467,7 9 11,41,2266086,94.64 128.04 187
1072,1499,13 9 1,40.5,2266014,99.14 127.69 179
1073,1500,15 12 3,38.5,2265937,99.29 128.21 178
1074,1460,6 13 7,41,2265926,93.85 131.22 184
1075,1497,15 9 13,37.5,2265914,98.56 124.95 184
1076,1453,5 10 13,41,2265816,93.05 128.84 189
1077,1493,12 7 9,40,2265794,98 125.66 184
1078,1490,12 7 8,40,2265794,98 125.66 184
1079,1496,13 6 11,39.5,2265744,98.43 124.42 185
1080,1493,13 6 10,39.5,2265744,98.43 124.42 185
1081,1496,12 5 7,41,2265693,98.62 124.86 184
1082,1492,13 8 10,39,2265611,98.08 125.54 184
1083,1495,12 5 9,40.5,2265514,98.35 124.52 185
1084,1497,14 13 1,39,2265506,98.86 129.47 177
1085,1485,10 5 11,41,2265494,97.03 124.86 187
1086,1492,11 8 5,41,2265470,97.82 127.25 182
1087,1489,11 8 4,41,2265470,97.82 127.25 182
1088,1474,8 12 5,41,2265470,95.44 130.43 182
1089,1470,8 12 4,41,2265470,95.44 130.43 182
1090,1449,4 14 10,41,2265379,92.25 132.02 186
1091,1446,4 14 9,41,2265379,92.25 132.02 186
1092,1477,9 8 8,41,2265369,96.23 127.25 185
1093,1498,13 4 11,40,2265330,98.79 123.29 186
1094,1499,14 5 13,39,2265273,98.86 123.19 186
1095,1494,14 7 12,38.5,2265268,98.51 124.3 185
1096,1485,10 12 1,41,2265263,97.03 130.43 179
1097,1498,13 11 1,40,2265174,98.79 128.82 178
1098,1497,12 0 15,41,2265065,98.62 120.89 190
1099,1494,12 0 14,41,2265065,98.62 120.89 190
1100,1490,13 10 10,38.5,2264938,97.72 126.65 183
1101,1500,15 15 2,38,2264815,98.92 130.08 176
1102,1496,15 15 1,38,2264815,98.92 130.08 176
1103,1499,15 11 4,38.5,2264772,99.29 127.43 179
1104,1500,14 3 13,39.5,2264727,99.22 122.06 187
1105,1493,14 9 12,38,2264718,98.15 125.41 184
1106,1492,15 11 12,37,2264701,98.19 126.03 183
1107,1500,13 2 9,41,2264673,99.41 122.48 186
1108,1498,13 8 2,40.5,2264520,99.14 126.9 180
1109,1500,15 6 15,38,2264507,98.92 123.07 186
1110,1497,15 6 14,38,2264507,98.92 123.07 186
1111,1500,14 12 3,39,2264498,98.86 128.68 178
1112,1496,14 12 2,39,2264498,98.86 128.68 178
1113,1458,6 12 8,41,2264433,93.85 130.43 185
1114,1489,11 2 13,41,2264381,97.82 122.48 189
1115,1498,13 2 11,40.5,2264363,99.14 122.14 187
1116,1500,14 9 4,39.5,2264336,99.22 126.78 180
1117,1491,15 14 11,36.5,2264159,97.83 127.87 181
1118,1473,8 5 15,41,2264104,95.44 124.86 190
1119,1470,8 5 14,41,2264104,95.44 124.86 190
1120,1495,15 8 14,37.5,2264079,98.56 124.17 185
1121,1465,7 8 12,41,2264053,94.64 127.25 188
1122,1499,15 14 3,38,2264044,98.92 129.3 177
1123,1472,8 11 6,41,2264028,95.44 129.63 183
1124,1484,10 11 2,41,2264028,97.03 129.63 180
1125,1497,13 10 2,40,2263924,98.79 128.03 179
1126,1447,4 13 11,41,2263838,92.25 131.22 187
1127,1434,2 15 12,41,2263816,90.66 132.82 188
1128,1496,13 13 1,39.5,2263806,98.43 129.93 177
1129,1493,13 13 0,39.5,2263806,98.43 129.93 177
1130,1492,12 6 10,40,2263781,98 124.87 185
1131,1454,5 9 15,41,2263743,93.05 128.04 190
1132,1451,5 9 14,41,2263743,93.05 128.04 190
1133,1493,13 7 12,39,2263687,98.08 124.76 185
1134,1490,13 7 11,39,2263687,98.08 124.76 185
1135,1490,11 7 6,41,2263681,97.82 126.45 183
1136,1491,14 11 12,37.5,2263629,97.78 126.5 183
1137,1495,13 5 12,39.5,2263573,98.43 123.63 186
1138,1495,12 4 8,41,2263497,98.62 124.07 185
1139,1496,14 15 1,38.5,2263497,98.51 130.56 176
1140,1479,9 7 10,41,2263379,96.23 126.45 186
1141,1476,9 7 9,41,2263379,96.23 126.45 186
1142,1498,14 11 4,39,2263334,98.86 127.9 179
1143,1493,12 4 10,40.5,2263252,98.35 123.73 186
1144,1496,14 6 14,38.5,2263189,98.51 123.52 186
1145,1493,14 6 13,38.5,2263189,98.51 123.52 186
1146,1497,15 13 4,38,2263120,98.92 128.52 178
1147,1493,15 10 14,37,2263106,98.19 125.26 184
1148,1490,15 10 13,37,2263106,98.19 125.26 184
1149,1483,10 4 12,41,2263102,97.03 124.07 188
1150,1493,12 11 0,40.5,2263096,98.35 129.28 178
1151,1490,15 13 12,36.5,2262954,97.83 127.1 182
1152,1497,14 4 14,39,2262946,98.86 122.4 187
1153,1496,13 3 12,40,2262909,98.79 122.5 187
1154,1491,14 8 13,38,2262883,98.15 124.63 185
1155,1500,13 7 4,40.5,2262869,99.14 126.11 181
1156,1495,13 12 2,39.5,2262798,98.43 129.15 178
1157,1460,6 11 10,41,2262791,93.85 129.63 186
1158,1457,6 11 9,41,2262791,93.85 129.63 186
1159,1498,14 8 5,39.5,2262773,99.22 126 181
1160,1494,14 14 2,38.5,2262727,98.51 129.78 177
1161,1483,10 10 3,41,2262639,97.03 128.84 181
1162,1465,7 15 2,41,2262548,94.64 132.82 180
1163,1499,13 9 4,40,2262519,98.79 127.24 180
1164,1495,13 9 3,40,2262519,98.79 127.24 180
1165,1471,8 10 7,41,2262434,95.44 128.84 184
1166,1433,2 14 13,41,2262229,90.66 132.02 189
1167,1446,4 12 12,41,2262151,92.25 130.43 188
1168,1499,14 2 14,39.5,2262148,99.22 121.27 188
1169,1494,15 7 15,37.5,2262090,98.56 123.39 186
1170,1499,15 12 6,38,2262041,98.92 127.74 179
1171,1496,15 12 5,38,2262041,98.92 127.74 179
1172,1490,14 10 13,37.5,2262036,97.78 125.72 184
1173,1497,14 10 5,39,2262015,98.86 127.11 180
1174,1500,15 9 7,38.5,2261978,99.29 125.87 181
1175,1491,13 15 0,39,2261917,98.08 131.03 176
1176,1464,7 7 13,41,2261871,94.64 126.45 189
1177,1492,12 13 0,40,2261845,98 130.4 177
1178,1493,14 13 3,38.5,2261802,98.51 129 178
1179,1489,11 6 7,41,2261736,97.82 125.66 184
1180,1500,13 1 13,40.5,2261690,99.14 121.35 188
1181,1494,13 11 3,39.5,2261635,98.43 128.36 179
1182,1497,12 10 0,41,2261614,98.62 128.84 178
1183,1490,12 5 11,40,2261612,98 124.08 186
1184,1492,13 6 13,39,2261609,98.08 123.97 186
1185,1453,5 15 6,41,2261597,93.05 132.82 183
1186,1490,11 1 15,41,2261580,97.82 121.68 190
1187,1487,11 1 14,41,2261580,97.82 121.68 190
1188,1464,7 14 3,41,2261494,94.64 132.02 181
1189,1479,9 14 0,41,2261389,96.23 132.02 178
1190,1492,15 9 15,37,2261360,98.19 124.48 185
1191,1493,13 4 13,39.5,2261248,98.43 122.85 187
1192,1477,9 6 11,41,2261236,96.23 125.66 187
1193,1490,13 14 1,39,2261147,98.08 130.25 177
1194,1496,12 3 10,41,2261144,98.62 123.27 186
1195,1493,12 3 9,41,2261144,98.62 123.27 186
1196,1484,10 9 5,41,2261096,97.03 128.04 182
1197,1481,10 9 4,41,2261096,97.03 128.04 182
1198,1498,13 6 5,40.5,2261061,99.14 125.31 182
1199,1500,14 7 7,39.5,2261054,99.22 125.21 182
1200,1500,13 6 3,41,2261036,99.41 125.66 181
1201,1459,6 10 11,41,2261000,93.85 128.84 187
1202,1497,13 8 5,40,2260958,98.79 126.45 181
1203,1494,14 5 15,38.5,2260955,98.51 122.74 187
1204,1495,15 15 4,37.5,2260942,98.56 129.6 177
1205,1493,14 7 15,38,2260895,98.15 123.85 186
1206,1490,14 7 14,38,2260895,98.15 123.85 186
1207,1491,12 12 1,40,2260838,98 129.61 178
1208,1494,12 3 12,40.5,2260834,98.35 122.93 187
1209,1498,15 11 7,38,2260808,98.92 126.97 180
1210,1495,14 12 5,38.5,2260724,98.51 128.21 179
1211,1492,14 12 4,38.5,2260724,98.51 128.21 179
1212,1470,8 9 8,41,2260688,95.44 128.04 185
1213,1482,10 3 13,41,2260556,97.03 123.27 189
1214,1495,14 9 6,39,2260541,98.86 126.33 181
1215,1434,2 13 15,41,2260499,90.66 131.22 190
1216,1431,2 13 14,41,2260499,90.66 131.22 190
1217,1496,14 3 15,39,2260464,98.86 121.62 188
1218,1494,12 9 3,40.5,2260444,98.35 127.69 180
1219,1477,9 13 1,41,2260394,96.23 131.22 179
1220,1498,15 8 8,38.5,2260348,99.29 125.09 182
1221,1452,5 14 7,41,2260339,93.05 132.02 184
1222,1497,13 2 14,40,2260333,98.79 121.71 188
1223,1494,13 2 13,40,2260333,98.79 121.71 188
1224,1492,13 10 4,39.5,2260318,98.43 127.57 180
1225,1445,4 11 13,41,2260317,92.25 129.63 189
1226,1466,7 13 5,41,2260290,94.64 131.22 182
1227,1463,7 13 4,41,2260290,94.64 131.22 182
1228,1496,12 9 1,41,2260281,98.62 128.04 179
1229,1492,13 13 3,39,2260224,98.08 129.47 178
1230,1494,15 14 5,37.5,2260101,98.56 128.83 178
1231,1490,15 11 15,36.5,2260090,97.83 125.56 184
1232,1491,14 15 3,38,2259749,98.15 130.08 177
1233,1487,11 5 8,41,2259635,97.82 124.86 185
1234,1465,7 6 15,41,2259537,94.64 125.66 190
1235,1462,7 6 14,41,2259537,94.64 125.66 190
1236,1494,14 11 6,38.5,2259492,98.51 127.43 180
1237,1497,15 10 8,38,2259421,98.92 126.19 181
1238,1483,10 8 6,41,2259398,97.03 127.25 183
1239,1440,3 15 10,41,2259379,91.46 132.82 186
1240,1437,3 15 9,41,2259379,91.46 132.82 186
1241,1490,13 5 14,39,2259377,98.08 123.19 187
1242,1500,13 0 12,41,2259297,99.41 120.89 188
1243,1476,9 12 2,41,2259246,96.23 130.43 180
1244,1496,13 7 6,40,2259240,98.79 125.66 182
1245,1499,14 6 8,39.5,2259179,99.22 124.42 183
1246,1491,13 12 4,39,2259146,98.08 128.68 179
1247,1499,13 5 4,41,2259139,99.41 124.86 182
1248,1493,15 13 6,37.5,2259107,98.56 128.05 179
1249,1497,13 5 6,40.5,2259095,99.14 124.52 183
1250,1457,6 9 12,41,2259059,93.85 128.04 188
1251,1476,9 5 12,41,2258940,96.23 124.86 188
1252,1464,7 12 6,41,2258935,94.64 130.43 183
1253,1451,5 13 8,41,2258933,93.05 131.22 185
1254,1497,14 8 8,39,2258912,98.86 125.54 182
1255,1494,14 8 7,39,2258912,98.86 125.54 182
1256,1490,14 14 4,38,2258908,98.15 129.3 178
1257,1500,14 4 8,40,2258899,99.58 123.29 184
1258,1493,12 8 4,40.5,2258884,98.35 126.9 181
1259,1498,13 0 14,40.5,2258859,99.14 120.55 189
1260,1494,13 9 6,39.5,2258845,98.43 126.78 181
1261,1491,13 9 5,39.5,2258845,98.43 126.78 181
1262,1471,8 8 10,41,2258791,95.44 127.25 186
1263,1468,8 8 9,41,2258791,95.44 127.25 186
1264,1494,12 8 2,41,2258791,98.62 127.25 180
1265,1495,13 3 15,39.5,2258767,98.43 122.06 188
1266,1491,13 3 14,39.5,2258767,98.43 122.06 188
1267,1495,12 2 11,41,2258634,98.62 122.48 187
1268,1500,15 7 10,38.5,2258563,99.29 124.3 183
1269,1491,12 10 4,40,2258359,98 128.03 180
1270,1446,4 10 15,41,2258336,92.25 128.84 190
1271,1443,4 10 14,41,2258336,92.25 128.84 190
1272,1493,12 2 13,40.5,2258260,98.35 122.14 188
1273,1492,14 10 7,38.5,2258106,98.51 126.65 181
1274,1495,15 12 8,37.5,2257959,98.56 127.27 180
1275,1491,15 12 7,37.5,2257959,98.56 127.27 180
1276,1475,9 11 3,41,2257945,96.23 129.63 181
1277,1439,3 14 11,41,2257924,91.46 132.02 187
1278,1492,14 13 6,38,2257914,98.15 128.52 179
1279,1495,15 9 9,38,2257880,98.92 125.41 182
1280,1483,10 2 15,41,2257855,97.03 122.48 190
1281,1480,10 2 14,41,2257855,97.03 122.48 190
1282,1496,13 1 15,40,2257601,98.79 120.92 189
1283,1482,10 7 7,41,2257546,97.03 126.45 184
1284,1463,7 11 7,41,2257430,94.64 129.63 184
1285,1489,11 4 10,41,2257379,97.82 124.07 186
1286,1486,11 4 9,41,2257379,97.82 124.07 186
1287,1452,5 12 10,41,2257379,93.05 130.43 186
1288,1449,5 12 9,41,2257379,93.05 130.43 186
1289,1494,13 6 7,40,2257366,98.79 124.87 183
1290,1489,11 11 0,41,2257224,97.82 129.63 178
1291,1493,13 8 7,39.5,2257217,98.43 126 182
1292,1497,14 5 9,39.5,2257147,99.22 123.63 184
1293,1493,12 7 3,41,2257144,98.62 126.45 181
1294,1496,14 7 9,39,2257128,98.86 124.76 183
1295,1500,13 4 6,41,2257083,99.41 124.07 183
1296,1499,13 4 8,40.5,2256972,99.14 123.73 184
1297,1495,13 4 7,40.5,2256972,99.14 123.73 184
1298,1456,6 8 13,41,2256969,93.85 127.25 189
1299,1491,15 15 6,37,2256881,98.19 129.12 178
1300,1490,12 3 14,40,2256811,98 122.5 188
1301,1491,14 12 7,38,2256767,98.15 127.74 180
1302,1470,8 7 11,41,2256742,95.44 126.45 187
1303,1493,15 11 9,37.5,2256659,98.56 126.5 181
1304,1498,15 6 11,38.5,2256622,99.29 123.52 184
1305,1494,14 9 9,38.5,2256566,98.51 125.87 182
1306,1491,14 9 8,38.5,2256566,98.51 125.87 182
1307,1500,15 4 11,39,2256511,99.65 122.4 185
1308,1474,9 4 13,41,2256491,96.23 124.07 189
1309,1477,9 10 5,41,2256491,96.23 128.84 182
1310,1474,9 10 4,41,2256491,96.23 128.84 182
1311,1438,3 13 12,41,2256324,91.46 131.22 188
1312,1471,8 15 0,41,2256210,95.44 132.82 178
1313,1497,15 8 11,38,2256185,98.92 124.63 183
1314,1494,15 8 10,38,2256185,98.92 124.63 183
1315,1456,6 15 3,41,2255999,93.85 132.82 181
1316,1488,11 10 1,41,2255979,97.82 128.84 179
1317,1489,15 14 7,37,2255970,98.19 128.35 179
1318,1493,12 1 12,41,2255967,98.62 121.68 188
1319,1424,1 15 13,41,2255893,89.87 132.82 189
1320,1500,15 11 1,39,2255808,99.65 127.9 177
1321,1462,7 10 8,41,2255774,94.64 128.84 185
1322,1451,5 11 11,41,2255677,93.05 129.63 187
1323,1480,10 6 8,41,2255540,97.03 125.66 185
1324,1491,13 7 8,39.5,2255434,98.43 125.21 183
1325,1495,12 6 5,41,2255340,98.62 125.66 182
1326,1491,12 6 4,41,2255340,98.62 125.66 182
1327,1496,13 5 9,40,2255337,98.79 124.08 184
1328,1493,13 5 8,40,2255337,98.79 124.08 184
1329,1470,8 14 1,41,2255300,95.44 132.02 179
1330,1492,15 10 10,37.5,2255206,98.56 125.72 182
1331,1494,14 6 10,39,2255189,98.86 123.97 184
1332,1490,13 9 8,39,2254991,98.08 126.33 182
1333,1487,11 3 11,41,2254967,97.82 123.27 187
1334,1499,14 4 11,39.5,2254960,99.22 122.85 185
1335,1496,14 4 10,39.5,2254960,99.22 122.85 185
1336,1500,15 14 0,38.5,2254914,99.29 129.78 175
1337,1491,15 13 9,37,2254907,98.19 127.58 180
1338,1475,9 9 6,41,2254884,96.23 128.04 183
1339,1458,6 14 5,41,2254880,93.85 132.02 182
1340,1455,6 14 4,41,2254880,93.85 132.02 182
1341,1493,14 8 10,38.5,2254872,98.51 125.09 183
1342,1499,13 3 7,41,2254869,99.41 123.27 184
1343,1457,6 7 15,41,2254730,93.85 126.45 190
1344,1454,6 7 14,41,2254730,93.85 126.45 190
1345,1497,13 3 9,40.5,2254692,99.14 122.93 185
1346,1499,15 10 2,39,2254635,99.65 127.11 178
1347,1437,3 12 13,41,2254578,91.46 130.43 189
1348,1487,11 9 2,41,2254578,97.82 128.04 180
1349,1468,8 6 12,41,2254541,95.44 125.66 188
1350,1497,15 5 12,38.5,2254526,99.29 122.74 185
1351,1444,4 15 7,41,2254520,92.25 132.82 184
1352,1495,15 7 12,38,2254335,98.92 123.85 184
1353,1499,14 11 1,39.5,2254257,99.22 128.36 177
1354,1496,14 11 0,39.5,2254257,99.22 128.36 177
1355,1426,1 14 15,41,2254250,89.87 132.02 190
1356,1423,1 14 14,41,2254250,89.87 132.02 190
1357,1468,8 13 2,41,2254237,95.44 131.22 180
1358,1500,14 2 11,40,2254177,99.58 121.71 186
1359,1498,15 13 1,38.5,2254138,99.29 129 176
1360,1464,7 9 10,41,2253968,94.64 128.04 186
1361,1460,7 9 9,41,2253968,94.64 128.04 186
1362,1476,9 3 15,41,2253889,96.23 123.27 190
1363,1473,9 3 14,41,2253889,96.23 123.27 190
1364,1499,14 8 2,40,2253863,99.58 126.45 179
1365,1450,5 10 12,41,2253827,93.05 128.84 188
1366,1490,15 12 10,37,2253692,98.19 126.8 181
1367,1457,6 13 6,41,2253611,93.85 131.22 183
1368,1494,15 9 12,37.5,2253600,98.56 124.95 183
1369,1490,15 9 11,37.5,2253600,98.56 124.95 183
1370,1490,13 6 9,39.5,2253496,98.43 124.42 184
1371,1482,10 5 10,41,2253379,97.03 124.86 186
1372,1479,10 5 9,41,2253379,97.03 124.86 186
1373,1493,12 5 6,41,2253379,98.62 124.86 183
1374,1496,13 9 0,40.5,2253355,99.14 127.69 178
1375,1497,15 12 2,38.5,2253207,99.29 128.21 177
1376,1442,4 14 8,41,2253200,92.25 132.02 185
1377,1494,13 4 10,40,2253151,98.79 123.29 185
1378,1491,12 0 13,41,2253144,98.62 120.89 189
1379,1474,9 8 7,41,2253124,96.23 127.25 184
1380,1496,14 5 12,39,2253094,98.86 123.19 185
1381,1493,14 5 11,39,2253094,98.86 123.19 185
1382,1498,14 10 2,39.5,2253085,99.22 127.57 178
1383,1491,14 7 11,38.5,2253023,98.51 124.3 184
1384,1485,11 8 3,41,2253023,97.82 127.25 181
1385,1467,8 12 3,41,2253023,95.44 130.43 181
1386,1494,14 13 0,39,2252707,98.86 129.47 176
1387,1438,3 11 15,41,2252687,91.46 129.63 190
1388,1435,3 11 14,41,2252687,91.46 129.63 190
1389,1497,14 3 12,39.5,2252616,99.22 122.06 186
1390,1482,10 12 0,41,2252608,97.03 130.43 178
1391,1497,13 2 8,41,2252498,99.41 122.48 185
1392,1495,13 11 0,40,2252448,98.79 128.82 177
1393,1490,14 9 11,38,2252409,98.15 125.41 183
1394,1486,11 2 12,41,2252400,97.82 122.48 188
1395,1494,15 6 13,38,2252332,98.92 123.07 185
1396,1498,14 7 3,40,2252289,99.58 125.66 180
1397,1498,15 4 14,38.5,2252275,99.29 121.96 186
1398,1495,15 4 13,38.5,2252275,99.29 121.96 186
1399,1495,13 2 10,40.5,2252254,99.14 122.14 186
1400,1455,6 12 7,41,2252193,93.85 130.43 184
1401,1467,8 5 13,41,2252188,95.44 124.86 189
1402,1496,15 11 3,38.5,2252120,99.29 127.43 178
1403,1462,7 8 11,41,2252011,94.64 127.25 187
1404,1493,15 15 0,38,2251947,98.92 130.08 175
1405,1495,13 8 1,40.5,2251940,99.14 126.9 179
1406,1492,15 8 13,37.5,2251840,98.56 124.17 184
1407,1448,5 9 13,41,2251829,93.05 128.04 189
1408,1499,15 8 5,39,2251820,99.65 125.54 180
1409,1493,14 12 1,39,2251776,98.86 128.68 177
1410,1431,2 15 11,41,2251774,90.66 132.82 187
1411,1497,14 9 3,39.5,2251756,99.22 126.78 179
1412,1444,4 13 10,41,2251732,92.25 131.22 186
1413,1441,4 13 9,41,2251732,92.25 131.22 186
1414,1500,13 8 0,41,2251707,99.41 127.25 178
1415,1500,15 2 14,39,2251664,99.65 120.83 187
1416,1469,8 11 5,41,2251656,95.44 129.63 182
1417,1466,8 11 4,41,2251656,95.44 129.63 182
1418,1498,14 1 12,40,2251580,99.58 120.92 187
1419,1481,10 11 1,41,2251450,97.03 129.63 179
1420,1492,13 5 11,39.5,2251403,98.43 123.63 185
1421,1487,11 7 5,41,2251311,97.82 126.45 182
1422,1484,11 7 4,41,2251311,97.82 126.45 182
1423,1493,13 10 1,40,2251277,98.79 128.03 178
1424,1492,12 4 7,41,2251262,98.62 124.07 184
1425,1495,15 14 2,38,2251253,98.92 129.3 176
1426,1492,15 14 1,38,2251253,98.92 129.3 176
1427,1473,9 7 8,41,2251210,96.23 126.45 185
1428,1480,10 4 11,41,2251064,97.03 124.07 187
1429,1490,14 6 12,38.5,2251021,98.51 123.52 185
1430,1498,15 10 5,38.5,2250878,99.29 126.65 179
1431,1495,15 10 4,38.5,2250878,99.29 126.65 179
1432,1494,14 4 13,39,2250845,98.86 122.4 186
1433,1493,13 3 11,40,2250808,98.79 122.5 186
1434,1495,14 11 3,39,2250690,98.86 127.9 178
1435,1492,14 11 2,39,2250690,98.86 127.9 178
1436,1492,14 15 0,38.5,2250636,98.51 130.56 175
1437,1454,6 11 8,41,2250625,93.85 129.63 185
1438,1500,14 6 5,40,2250557,99.58 124.87 181
1439,1494,15 13 3,38,2250405,98.92 128.52 177
1440,1497,13 7 3,40.5,2250367,99.14 126.11 180
1441,1493,13 7 2,40.5,2250367,99.14 126.11 180
1442,1495,14 8 4,39.5,2250272,99.22 126 180
1443,1430,2 14 12,41,2250260,90.66 132.02 188
1444,1498,13 7 1,41,2250205,99.41 126.45 179
1445,1498,15 7 6,39,2250178,99.65 124.76 181
1446,1495,15 5 15,38,2250174,98.92 122.29 186
1447,1492,15 5 14,38,2250174,98.92 122.29 186
1448,1468,8 10 6,41,2250138,95.44 128.84 183
1449,1479,10 10 2,41,2250138,97.03 128.84 180
1450,1443,4 12 11,41,2250118,92.25 130.43 187
1451,1495,14 2 13,39.5,2250115,99.22 121.27 187
1452,1492,13 12 1,39.5,2250086,98.43 129.15 177
1453,1462,7 15 1,41,2249978,94.64 132.82 179
1454,1499,13 1 10,41,2249968,99.41 121.68 186
1455,1495,13 1 9,41,2249968,99.41 121.68 186
1456,1492,13 9 2,40,2249950,98.79 127.24 179
1457,1491,14 14 1,38.5,2249943,98.51 129.78 176
1458,1491,15 7 14,37.5,2249928,98.56 123.39 185
1459,1461,7 7 12,41,2249903,94.64 126.45 188
1460,1497,15 3 15,38.5,2249869,99.29 121.18 187
1461,1468,8 4 15,41,2249683,95.44 124.07 190
1462,1465,8 4 14,41,2249683,95.44 124.07 190
1463,1450,5 8 15,41,2249683,93.05 127.25 190
1464,1447,5 8 14,41,2249683,93.05 127.25 190
1465,1484,11 1 13,41,2249677,97.82 121.68 189
1466,1497,13 1 12,40.5,2249659,99.14 121.35 187
1467,1494,13 1 11,40.5,2249659,99.14 121.35 187
1468,1496,15 9 6,38.5,2249481,99.29 125.87 180
1469,1494,14 10 4,39,2249449,98.86 127.11 179
1470,1486,11 6 6,41,2249444,97.82 125.66 183
1471,1493,15 12 4,38,2249404,98.92 127.74 178
1472,1450,5 15 5,41,2249239,93.05 132.82 182
1473,1447,5 15 4,41,2249239,93.05 132.82 182
1474,1490,13 4 12,39.5,2249155,98.43 122.85 186
1475,1474,9 6 10,41,2249144,96.23 125.66 186
1476,1471,9 6 9,41,2249144,96.23 125.66 186
1477,1490,14 13 2,38.5,2249096,98.51 129 177
1478,1498,15 1 15,39,2249005,99.65 120.05 188
1479,1461,7 14 2,41,2249000,94.64 132.02 180
1480,1491,13 11 2,39.5,2249000,98.43 128.36 178
1481,1490,12 3 8,41,2248987,98.62 123.27 185
1482,1456,6 10 10,41,2248909,93.85 128.84 186
1483,1453,6 10 9,41,2248909,93.85 128.84 186
1484,1491,14 5 14,38.5,2248865,98.51 122.74 186
1485,1499,14 0 14,40,2248826,99.58 120.13 188
1486,1496,14 0 13,40,2248826,99.58 120.13 188
1487,1478,10 9 3,41,2248672,97.03 128.04 181
1488,1498,14 5 6,40,2248669,99.58 124.08 182
1489,1495,13 6 4,40.5,2248637,99.14 125.31 181
1490,1497,14 7 6,39.5,2248631,99.22 125.21 181
1491,1494,14 7 5,39.5,2248631,99.22 125.21 181
1492,1428,2 13 13,41,2248601,90.66 131.22 189
1493,1478,10 3 12,41,2248595,97.03 123.27 188
1494,1497,13 6 2,41,2248544,99.41 125.66 180
1495,1466,8 9 7,41,2248469,95.44 128.04 184
1496,1494,13 8 4,40,2248466,98.79 126.45 180
1497,1491,13 8 3,40,2248466,98.79 126.45 180
1498,1493,14 3 14,39,2248440,98.86 121.62 187
1499,1500,15 6 8,39,2248380,99.65 123.97 182
1500,1496,15 6 7,39,2248380,99.65 123.97 182
1501,1442,4 11 12,41,2248357,92.25 129.63 188
1502,1491,13 2 12,40,2248310,98.79 121.71 187
1503,1495,15 11 6,38,2248248,98.92 126.97 179
1504,1491,15 11 5,38,2248248,98.92 126.97 179
1505,1492,15 15 3,37.5,2248169,98.56 129.6 176
1506,1499,14 3 6,40.5,2248159,99.93 122.93 183
1507,1449,5 14 6,41,2248055,93.05 132.02 183
1508,1492,14 9 5,39,2248052,98.86 126.33 180
1509,1495,15 8 7,38.5,2247928,99.29 125.09 181
1510,1459,7 13 3,41,2247871,94.64 131.22 181
1511,1474,9 13 0,41,2247766,96.23 131.22 178
1512,1418,0 15 15,41,2247760,89.07 132.82 190
1513,1415,0 15 14,41,2247760,89.07 132.82 190
1514,1492,12 9 0,41,2247654,98.62 128.04 178
1515,1459,7 6 13,41,2247645,94.64 125.66 189
1516,1497,14 1 15,39.5,2247459,99.22 120.48 188
1517,1494,14 1 14,39.5,2247459,99.22 120.48 188
1518,1484,11 5 7,41,2247421,97.82 124.86 184
1519,1491,15 14 4,37.5,2247404,98.56 128.83 177
1520,1497,13 0 11,41,2247279,99.41 120.89 187
1521,1434,3 15 8,41,2247232,91.46 132.82 185
1522,1480,10 8 5,41,2247052,97.03 127.25 182
1523,1477,10 8 4,41,2247052,97.03 127.25 182
1524,1454,6 9 11,41,2247043,93.85 128.04 187
1525,1491,14 11 5,38.5,2246939,98.51 127.43 179
1526,1493,15 10 7,38,2246938,98.92 126.19 180
1527,1473,9 5 11,41,2246925,96.23 124.86 187
1528,1495,13 0 13,40.5,2246907,99.14 120.55 188
1529,1495,14 6 7,39.5,2246834,99.22 124.42 182
1530,1492,13 7 5,40,2246827,98.79 125.66 181
1531,1485,11 0 15,41,2246799,97.82 120.89 190
1532,1482,11 0 14,41,2246799,97.82 120.89 190
1533,1430,2 12 15,41,2246799,90.66 130.43 190
1534,1427,2 12 14,41,2246799,90.66 130.43 190
1535,1494,13 5 5,40.5,2246750,99.14 124.52 182
1536,1495,13 5 3,41,2246726,99.41 124.86 181
1537,1447,5 13 7,41,2246723,93.05 131.22 184
1538,1473,9 12 1,41,2246695,96.23 130.43 179
1539,1465,8 8 8,41,2246647,95.44 127.25 185
1540,1497,14 4 7,40,2246622,99.58 123.29 183
1541,1461,7 12 5,41,2246591,94.64 130.43 182
1542,1458,7 12 4,41,2246591,94.64 130.43 182
1543,1492,12 2 10,41,2246556,98.62 122.48 186
1544,1488,12 2 9,41,2246556,98.62 122.48 186
1545,1491,14 8 6,39,2246501,98.86 125.54 181
1546,1490,15 13 5,37.5,2246486,98.56 128.05 178
1547,1440,4 10 13,41,2246450,92.25 128.84 189
1548,1498,15 5 9,39,2246425,99.65 123.19 183
1549,1491,12 8 1,41,2246242,98.62 127.25 179
1550,1497,15 7 9,38.5,2246221,99.29 124.3 182
1551,1494,15 7 8,38.5,2246221,99.29 124.3 182
1552,1499,15 3 9,39.5,2246080,100.01 122.06 184
1553,1477,10 2 13,41,2245971,97.03 122.48 189
1554,1491,14 2 15,39,2245880,98.86 120.83 188
1555,1498,14 2 7,40.5,2245861,99.93 122.14 184
1556,1436,3 14 10,41,2245850,91.46 132.02 186
1557,1433,3 14 9,41,2245850,91.46 132.02 186
1558,1492,13 1 14,40,2245656,98.79 120.92 188
1559,1492,15 9 8,38,2245474,98.92 125.41 181
1560,1472,9 11 2,41,2245470,96.23 129.63 180
1561,1478,10 7 6,41,2245277,97.03 126.45 183
1562,1483,11 4 8,41,2245243,97.82 124.07 185
1563,1446,5 12 8,41,2245243,93.05 130.43 185
1564,1461,7 5 15,41,2245236,94.64 124.86 190
1565,1458,7 5 14,41,2245236,94.64 124.86 190
1566,1460,7 11 6,41,2245161,94.64 129.63 183
1567,1491,13 6 6,40,2245031,98.79 124.87 182
1568,1453,6 8 12,41,2245028,93.85 127.25 188
1569,1494,14 5 8,39.5,2244880,99.22 123.63 183
1570,1493,14 7 8,39,2244794,98.86 124.76 182
1571,1497,13 4 5,41,2244749,99.41 124.07 182
1572,1494,13 4 4,41,2244749,99.41 124.07 182
1573,1467,8 7 10,41,2244674,95.44 126.45 186
1574,1464,8 7 9,41,2244674,95.44 126.45 186
1575,1490,12 7 2,41,2244674,98.62 126.45 180
1576,1471,9 4 12,41,2244552,96.23 124.07 188
1577,1498,14 3 9,40,2244419,99.58 122.5 184
1578,1495,14 3 8,40,2244419,99.58 122.5 184
1579,1442,4 9 15,41,2244395,92.25 128.04 190
1580,1439,4 9 14,41,2244395,92.25 128.04 190
1581,1495,15 6 10,38.5,2244358,99.29 123.52 183
1582,1435,3 13 11,41,2244322,91.46 131.22 187
1583,1497,15 4 10,39,2244314,99.65 122.4 184
1584,1498,15 9 0,39.5,2244268,100.01 126.78 177
1585,1490,15 11 8,37.5,2244191,98.56 126.5 180
1586,1470,9 10 3,41,2244093,96.23 128.84 181
1587,1490,12 1 11,41,2243968,98.62 121.68 187
1588,1421,1 15 12,41,2243958,89.87 132.82 188
1589,1490,15 8 9,38,2243856,98.92 124.63 182
1590,1498,15 2 10,39.5,2243717,100.01 121.27 185
1591,1448,5 11 10,41,2243615,93.05 129.63 186
1592,1445,5 11 9,41,2243615,93.05 129.63 186
1593,1459,7 10 7,41,2243581,94.64 128.84 184
1594,1453,6 15 2,41,2243535,93.85 132.82 180
1595,1499,14 1 9,40.5,2243404,99.93 121.35 185
1596,1485,11 10 0,41,2243376,97.82 128.84 178
1597,1477,10 6 7,41,2243348,97.03 125.66 184
1598,1478,10 1 15,41,2243193,97.03 121.68 190
1599,1475,10 1 14,41,2243193,97.03 121.68 190
1600,1499,14 7 0,40.5,2243166,99.93 126.11 178
1601,1497,15 11 0,39,2243063,99.65 127.9 176
1602,1488,12 6 3,41,2242948,98.62 125.66 181
1603,1491,14 6 9,39,2242932,98.86 123.97 183
1604,1500,15 8 2,39.5,2242930,100.01 126 178
1605,1484,11 3 10,41,2242909,97.82 123.27 186
1606,1481,11 3 9,41,2242909,97.82 123.27 186
1607,1451,6 7 13,41,2242863,93.85 126.45 189
1608,1491,13 0 15,40,2242845,98.79 120.13 189
1609,1492,14 4 9,39.5,2242771,99.22 122.85 184
1610,1466,8 14 0,41,2242700,95.44 132.02 178
1611,1434,3 12 12,41,2242650,91.46 130.43 188
1612,1496,13 3 6,41,2242615,99.41 123.27 183
1613,1497,14 9 0,40,2242609,99.58 127.24 177
1614,1472,9 9 5,41,2242562,96.23 128.04 182
1615,1469,9 9 4,41,2242562,96.23 128.04 182
1616,1465,8 6 11,41,2242548,95.44 125.66 187
1617,1494,13 3 8,40.5,2242504,99.14 122.93 184
1618,1451,6 14 3,41,2242490,93.85 132.02 181
1619,1420,1 14 13,41,2242385,89.87 132.02 189
1620,1494,15 5 11,38.5,2242340,99.29 122.74 184
1621,1441,4 15 6,41,2242267,92.25 132.82 183
1622,1492,15 7 11,38,2242083,98.92 123.85 183
1623,1497,14 2 10,40,2242058,99.58 121.71 185
1624,1484,11 9 1,41,2242053,97.82 128.04 179
1625,1498,15 3 12,39,2242047,99.65 121.62 185
1626,1495,15 3 11,39,2242047,99.65 121.62 185
1627,1469,9 3 13,41,2242026,96.23 123.27 189
1628,1496,15 10 1,39,2241968,99.65 127.11 177
1629,1457,7 9 8,41,2241849,94.64 128.04 185
1630,1446,5 10 11,41,2241839,93.05 128.84 187
1631,1465,8 13 1,41,2241713,95.44 131.22 179
1632,1500,15 5 3,40,2241608,100.37 124.08 180
1633,1497,14 6 1,40.5,2241581,99.93 125.31 179
1634,1499,15 7 3,39.5,2241433,100.01 125.21 179
1635,1495,15 13 0,38.5,2241330,99.29 129 175
1636,1453,6 13 5,41,2241296,93.85 131.22 182
1637,1450,6 13 4,41,2241296,93.85 131.22 182
1638,1496,14 8 1,40,2241271,99.58 126.45 178
1639,1475,10 5 8,41,2241264,97.03 124.86 185
1640,1488,12 0 12,41,2241223,98.62 120.89 188
1641,1499,15 1 12,39.5,2241197,100.01 120.48 186
1642,1490,12 5 5,41,2241066,98.62 124.86 182
1643,1487,12 5 4,41,2241066,98.62 124.86 182
1644,1499,14 0 8,41,2241030,100.21 120.89 185
1645,1439,4 14 7,41,2241020,92.25 132.02 184
1646,1491,13 4 9,40,2240971,98.79 123.29 184
1647,1471,9 8 6,41,2240879,96.23 127.25 183
1648,1432,3 11 13,41,2240831,91.46 129.63 189
1649,1497,14 0 10,40.5,2240788,99.93 120.55 186
1650,1498,15 9 3,39,2240717,99.65 126.33 178
1651,1494,15 9 2,39,2240717,99.65 126.33 178
1652,1422,1 13 15,41,2240670,89.87 131.22 190
1653,1419,1 13 14,41,2240670,89.87 131.22 190
1654,1482,11 8 2,41,2240575,97.82 127.25 180
1655,1464,8 12 2,41,2240575,95.44 130.43 180
1656,1453,6 6 15,41,2240550,93.85 125.66 190
1657,1450,6 6 14,41,2240550,93.85 125.66 190
1658,1494,14 3 11,39.5,2240505,99.22 122.06 185
1659,1491,14 3 10,39.5,2240505,99.22 122.06 185
1660,1494,15 12 1,38.5,2240477,99.29 128.21 176
1661,1495,14 10 1,39.5,2240427,99.22 127.57 177
1662,1491,14 10 0,39.5,2240427,99.22 127.57 177
1663,1483,11 2 11,41,2240419,97.82 122.48 187
1664,1494,13 2 7,41,2240322,99.41 122.48 184
1665,1464,8 5 12,41,2240271,95.44 124.86 188
1666,1492,15 4 12,38.5,2240166,99.29 121.96 185
1667,1491,15 6 12,38,2240157,98.92 123.07 184
1668,1459,7 8 10,41,2239968,94.64 127.25 186
1669,1456,7 8 9,41,2239968,94.64 127.25 186
1670,1452,6 12 6,41,2239953,93.85 130.43 183
1671,1445,5 9 12,41,2239915,93.05 128.04 188
1672,1499,14 5 3,40.5,2239837,99.93 124.52 180
1673,1496,14 5 2,40.5,2239837,99.93 124.52 180
1674,1498,15 6 4,39.5,2239779,100.01 124.42 180
1675,1495,14 7 2,40,2239776,99.58 125.66 179
1676,1428,2 15 10,41,2239732,90.66 132.82 186
1677,1425,2 15 9,41,2239732,90.66 132.82 186
1678,1438,4 13 8,41,2239626,92.25 131.22 185
1679,1496,15 2 13,39,2239623,99.65 120.83 186
1680,1495,14 1 11,40,2239540,99.58 120.92 186
1681,1493,15 11 2,38.5,2239468,99.29 127.43 177
1682,1471,9 2 15,41,2239348,96.23 122.48 190
1683,1468,9 2 14,41,2239348,96.23 122.48 190
1684,1496,15 8 4,39,2239310,99.65 125.54 179
1685,1463,8 11 3,41,2239285,95.44 129.63 181
1686,1493,14 9 2,39.5,2239177,99.22 126.78 178
1687,1469,9 7 7,41,2239042,96.23 126.45 184
1688,1477,10 4 10,41,2239027,97.03 124.07 186
1689,1474,10 4 9,41,2239027,97.03 124.07 186
1690,1488,12 4 6,41,2239027,98.62 124.07 183
1691,1481,11 7 3,41,2238941,97.82 126.45 181
1692,1477,10 11 0,41,2238872,97.03 129.63 178
1693,1434,3 10 15,41,2238867,91.46 128.84 190
1694,1431,3 10 14,41,2238867,91.46 128.84 190
1695,1491,14 4 12,39,2238744,98.86 122.4 185
1696,1490,13 10 0,40,2238629,98.79 128.03 177
1697,1497,15 0 13,39.5,2238519,100.01 119.7 187
1698,1451,6 11 7,41,2238460,93.85 129.63 184
1699,1491,15 10 3,38.5,2238303,99.29 126.65 178
1700,1427,2 14 11,41,2238290,90.66 132.02 187
1701,1496,14 6 4,40,2238123,99.58 124.87 180
1702,1493,14 6 3,40,2238123,99.58 124.87 180
1703,1440,4 12 10,41,2238085,92.25 130.43 186
1704,1437,4 12 9,41,2238085,92.25 130.43 186
1705,1492,14 2 12,39.5,2238083,99.22 121.27 186
1706,1499,15 5 6,39.5,2237968,100.01 123.63 181
1707,1496,15 5 5,39.5,2237968,100.01 123.63 181
1708,1458,7 7 11,41,2237935,94.64 126.45 187
1709,1498,14 4 4,40.5,2237935,99.93 123.73 181
1710,1492,13 1 8,41,2237871,99.41 121.68 185
1711,1462,8 4 13,41,2237842,95.44 124.07 189
1712,1444,5 8 13,41,2237842,93.05 127.25 189
1713,1465,8 10 5,41,2237842,95.44 128.84 182
1714,1461,8 10 4,41,2237842,95.44 128.84 182
1715,1499,14 4 2,41,2237842,100.21 124.07 180
1716,1493,15 3 14,38.5,2237838,99.29 121.18 186
1717,1490,15 3 13,38.5,2237838,99.29 121.18 186
1718,1481,11 1 12,41,2237774,97.82 121.68 188
1719,1492,14 8 3,39.5,2237770,99.22 126 179
1720,1495,15 7 5,39,2237746,99.65 124.76 180
1721,1491,15 13 2,38,2237691,98.92 128.52 176
1722,1500,15 3 6,40,2237642,100.37 122.5 182
1723,1476,10 10 1,41,2237638,97.03 128.84 179
1724,1495,13 7 0,41,2237634,99.41 126.45 178
1725,1459,7 15 0,41,2237409,94.64 132.82 178
1726,1483,11 6 5,41,2237152,97.82 125.66 182
1727,1479,11 6 4,41,2237152,97.82 125.66 182
1728,1468,9 6 8,41,2237052,96.23 125.66 185
1729,1495,15 1 14,39,2237042,99.65 120.05 187
1730,1493,15 9 5,38.5,2236984,99.29 125.87 179
1731,1490,15 9 4,38.5,2236984,99.29 125.87 179
1732,1490,14 10 3,39,2236882,98.86 127.11 178
1733,1444,5 15 3,41,2236880,93.05 132.82 181
1734,1493,14 0 12,40,2236864,99.58 120.13 187
1735,1487,12 3 7,41,2236830,98.62 123.27 184
1736,1450,6 10 8,41,2236818,93.85 128.84 185
1737,1425,2 13 12,41,2236704,90.66 131.22 188
1738,1475,10 3 11,41,2236634,97.03 123.27 187
1739,1457,7 14 1,41,2236505,94.64 132.02 179
1740,1439,4 11 11,41,2236398,92.25 129.63 187
1741,1495,14 5 5,40,2236313,99.58 124.08 181
1742,1463,8 9 6,41,2236249,95.44 128.04 183
1743,1475,10 9 2,41,2236249,97.03 128.04 180
1744,1490,14 7 4,39.5,2236207,99.22 125.21 180
1745,1494,13 6 1,41,2236053,99.41 125.66 179
1746,1493,15 6 6,39,2236026,99.65 123.97 181
1747,1498,15 4 7,39.5,2235999,100.01 122.85 182
1748,1412,0 15 13,41,2235930,89.07 132.82 189
1749,1496,14 3 5,40.5,2235874,99.93 122.93 182
1750,1498,14 3 3,41,2235850,100.21 123.27 181
1751,1490,15 4 15,38,2235842,98.92 121.51 186
1752,1445,5 14 5,41,2235770,93.05 132.02 182
1753,1442,5 14 4,41,2235770,93.05 132.02 182
1754,1456,7 6 12,41,2235753,94.64 125.66 188
1755,1445,5 7 15,41,2235622,93.05 126.45 190
1756,1442,5 7 14,41,2235622,93.05 126.45 190
1757,1492,15 8 6,38.5,2235509,99.29 125.09 180
1758,1490,14 1 13,39.5,2235504,99.22 120.48 187
1759,1456,7 13 2,41,2235452,94.64 131.22 180
1760,1499,15 2 7,40,2235421,100.37 121.71 183
1761,1492,15 2 15,38.5,2235354,99.29 120.4 187
1762,1463,8 3 15,41,2235262,95.44 123.27 190
1763,1460,8 3 14,41,2235262,95.44 123.27 190
1764,1494,13 0 10,41,2235262,99.41 120.89 186
1765,1491,13 0 9,41,2235262,99.41 120.89 186
1766,1481,11 5 6,41,2235207,97.82 124.86 183
1767,1431,3 15 7,41,2235085,91.46 132.82 184
1768,1451,6 9 10,41,2235027,93.85 128.04 186
1769,1448,6 9 9,41,2235027,93.85 128.04 186
1770,1479,11 0 13,41,2234973,97.82 120.89 189
1771,1424,2 12 13,41,2234973,90.66 130.43 189
1772,1470,9 5 10,41,2234909,96.23 124.86 186
1773,1466,9 5 9,41,2234909,96.23 124.86 186
1774,1473,10 8 3,41,2234705,97.03 127.25 181
1775,1437,4 10 12,41,2234564,92.25 128.84 188
1776,1444,5 13 6,41,2234512,93.05 131.22 183
1777,1462,8 8 7,41,2234503,95.44 127.25 184
1778,1492,14 6 6,39.5,2234489,99.22 124.42 181
1779,1485,12 2 8,41,2234478,98.62 122.48 185
1780,1490,15 10 6,38,2234455,98.92 126.19 179
1781,1493,14 4 6,40,2234346,99.58 123.29 182
1782,1492,13 5 2,41,2234313,99.41 124.86 180
1783,1493,15 0 15,39,2234306,99.65 119.26 188
1784,1413,0 14 15,41,2234300,89.07 132.02 190
1785,1411,0 14 14,41,2234300,89.07 132.02 190
1786,1500,15 0 7,40.5,2234286,100.73 120.55 184
1787,1455,7 12 3,41,2234247,94.64 130.43 181
1788,1495,15 5 8,39,2234150,99.65 123.19 182
1789,1492,15 5 7,39,2234150,99.65 123.19 182
1790,1470,9 12 0,41,2234144,96.23 130.43 178
1791,1474,10 2 12,41,2234088,97.03 122.48 188
1792,1490,15 7 7,38.5,2233879,99.29 124.3 181
1793,1496,15 3 8,39.5,2233873,100.01 122.06 183
1794,1430,3 14 8,41,2233776,91.46 132.02 185
1795,1499,14 2 5,41,2233698,100.21 122.48 182
1796,1496,14 2 4,41,2233698,100.21 122.48 182
1797,1488,12 8 0,41,2233693,98.62 127.25 178
1798,1494,14 2 6,40.5,2233655,99.93 122.14 183
1799,1454,7 5 13,41,2233419,94.64 124.86 189
1800,1480,11 4 7,41,2233106,97.82 124.07 184
1801,1443,5 12 7,41,2233106,93.05 130.43 184
1802,1426,2 11 15,41,2233099,90.66 129.63 190
1803,1423,2 11 14,41,2233099,90.66 129.63 190
1804,1450,6 8 11,41,2233086,93.85 127.25 187
1805,1500,15 1 9,40,2233042,100.37 120.92 184
1806,1497,15 1 8,40,2233042,100.37 120.92 184
1807,1475,10 7 5,41,2233008,97.03 126.45 182
1808,1472,10 7 4,41,2233008,97.03 126.45 182
1809,1468,9 11 1,41,2232996,96.23 129.63 179
1810,1457,7 11 5,41,2232893,94.64 129.63 182
1811,1454,7 11 4,41,2232893,94.64 129.63 182
1812,1492,14 0 15,39.5,2232770,99.22 119.7 188
1813,1468,9 4 11,41,2232613,96.23 124.07 187
1814,1491,14 5 7,39.5,2232613,99.22 123.63 182
1815,1460,8 7 8,41,2232605,95.44 126.45 185
1816,1436,4 9 13,41,2232583,92.25 128.04 189
1817,1491,13 4 3,41,2232416,99.41 124.07 181
1818,1500,15 7 0,40,2232328,100.37 125.66 177
1819,1432,3 13 10,41,2232321,91.46 131.22 186
1820,1429,3 13 9,41,2232321,91.46 131.22 186
1821,1492,14 3 7,40,2232221,99.58 122.5 183
1822,1486,12 7 1,41,2232203,98.62 126.45 179
1823,1493,15 4 9,39,2232117,99.65 122.4 183
1824,1492,15 6 9,38.5,2232093,99.29 123.52 182
1825,1418,1 15 11,41,2232022,89.87 132.82 187
1826,1487,12 1 10,41,2231968,98.62 121.68 186
1827,1484,12 1 9,41,2231968,98.62 121.68 186
1828,1467,9 10 2,41,2231695,96.23 128.84 180
1829,1495,15 2 9,39.5,2231589,100.01 121.27 184
1830,1442,5 11 8,41,2231552,93.05 129.63 185
1831,1472,10 1 13,41,2231387,97.03 121.68 189
1832,1498,14 1 6,41,2231387,100.21 121.68 183
1833,1456,7 10 6,41,2231387,94.64 128.84 183
1834,1496,14 1 8,40.5,2231277,99.93 121.35 184
1835,1493,14 1 7,40.5,2231277,99.93 121.35 184
1836,1474,10 6 6,41,2231156,97.03 125.66 183
1837,1449,6 15 1,41,2231071,93.85 132.82 179
1838,1448,6 7 12,41,2230996,93.85 126.45 188
1839,1456,7 4 15,41,2230936,94.64 124.07 190
1840,1453,7 4 14,41,2230936,94.64 124.07 190
1841,1478,11 3 8,41,2230850,97.82 123.27 185
1842,1498,15 6 1,40,2230821,100.37 124.87 178
1843,1500,15 4 1,40.5,2230771,100.73 123.73 179
1844,1430,3 12 11,41,2230721,91.46 130.43 187
1845,1462,8 6 10,41,2230556,95.44 125.66 186
1846,1459,8 6 9,41,2230556,95.44 125.66 186
1847,1485,12 6 2,41,2230556,98.62 125.66 180
1848,1417,1 14 12,41,2230521,89.87 132.02 188
1849,1499,15 0 10,40,2230503,100.37 120.13 185
1850,1437,4 8 15,41,2230455,92.25 127.25 190
1851,1434,4 8 14,41,2230455,92.25 127.25 190
1852,1492,13 3 5,41,2230360,99.41 123.27 182
1853,1489,13 3 4,41,2230360,99.41 123.27 182
1854,1497,15 8 1,39.5,2230329,100.01 126 177
1855,1494,15 8 0,39.5,2230329,100.01 126 177
1856,1466,9 9 3,41,2230240,96.23 128.04 181
1857,1466,9 3 12,41,2230164,96.23 123.27 188
1858,1490,15 5 10,38.5,2230153,99.29 122.74 183
1859,1448,6 14 2,41,2230101,93.85 132.02 180
1860,1437,4 15 5,41,2230015,92.25 132.82 182
1861,1434,4 15 4,41,2230015,92.25 132.82 182
1862,1493,14 2 9,40,2229939,99.58 121.71 184
1863,1490,14 2 8,40,2229939,99.58 121.71 184
1864,1492,15 3 10,39,2229927,99.65 121.62 184
1865,1443,5 10 10,41,2229850,93.05 128.84 186
1866,1440,5 10 9,41,2229850,93.05 128.84 186
1867,1454,7 9 7,41,2229731,94.64 128.04 184
1868,1480,11 9 0,41,2229528,97.82 128.04 178
1869,1492,15 10 0,39,2229302,99.65 127.11 176
1870,1485,12 0 11,41,2229301,98.62 120.89 187
1871,1462,8 13 0,41,2229190,95.44 131.22 178
1872,1497,15 5 2,40,2229155,100.37 124.08 179
1873,1472,10 5 7,41,2229149,97.03 124.86 184
1874,1496,15 1 11,39.5,2229147,100.01 120.48 185
1875,1493,15 1 10,39.5,2229147,100.01 120.48 185
1876,1494,14 6 0,40.5,2229058,99.93 125.31 178
1877,1447,6 13 3,41,2228981,93.85 131.22 181
1878,1429,3 11 12,41,2228975,91.46 129.63 188
1879,1496,14 0 7,41,2228917,100.21 120.89 184
1880,1496,15 7 2,39.5,2228911,100.01 125.21 178
1881,1416,1 13 13,41,2228877,89.87 131.22 189
1882,1498,15 3 2,40.5,2228854,100.73 122.93 180
1883,1436,4 14 6,41,2228841,92.25 132.02 183
1884,1447,6 6 13,41,2228757,93.85 125.66 189
1885,1483,12 5 3,41,2228752,98.62 124.86 181
1886,1494,14 0 9,40.5,2228741,99.93 120.55 185
1887,1493,14 8 0,40,2228680,99.58 126.45 177
1888,1468,9 8 5,41,2228633,96.23 127.25 182
1889,1464,9 8 4,41,2228633,96.23 127.25 182
1890,1473,10 0 15,41,2228532,97.03 120.89 190
1891,1470,10 0 14,41,2228532,97.03 120.89 190
1892,1479,11 2 10,41,2228438,97.82 122.48 186
1893,1476,11 2 9,41,2228438,97.82 122.48 186
1894,1460,8 5 11,41,2228355,95.44 124.86 187
1895,1491,13 2 6,41,2228146,99.41 122.48 183
1896,1491,15 9 1,39,2228129,99.65 126.33 177
1897,1479,11 8 1,41,2228127,97.82 127.25 179
1898,1461,8 12 1,41,2228127,95.44 130.43 179
1899,1442,5 9 11,41,2228000,93.05 128.04 187
1900,1453,7 8 8,41,2227925,94.64 127.25 185
1901,1491,15 12 0,38.5,2227747,99.29 128.21 175
1902,1449,6 12 5,41,2227712,93.85 130.43 182
1903,1446,6 12 4,41,2227712,93.85 130.43 182
1904,1422,2 15 8,41,2227691,90.66 132.82 185
1905,1493,15 2 12,39,2227582,99.65 120.83 185
1906,1490,15 2 11,39,2227582,99.65 120.83 185
1907,1465,9 2 13,41,2227562,96.23 122.48 189
1908,1435,4 13 7,41,2227520,92.25 131.22 184
1909,1492,14 1 10,40,2227499,99.58 120.92 185
1910,1492,14 5 1,40.5,2227393,99.93 124.52 179
1911,1494,15 6 3,39.5,2227336,100.01 124.42 179
1912,1499,15 4 4,40,2227331,100.37 123.29 180
1913,1495,15 4 3,40,2227331,100.37 123.29 180
1914,1491,14 7 1,40,2227263,99.58 125.66 178
1915,1497,14 5 0,41,2227163,100.21 124.86 178
1916,1417,1 12 15,41,2227090,89.87 130.43 190
1917,1415,1 12 14,41,2227090,89.87 130.43 190
1918,1428,3 10 13,41,2227084,91.46 128.84 189
1919,1471,10 4 8,41,2226989,97.03 124.07 185
1920,1459,8 11 2,41,2226913,95.44 129.63 180
1921,1466,9 7 6,41,2226873,96.23 126.45 183
1922,1493,15 8 3,39,2226800,99.65 125.54 178
1923,1485,12 4 5,41,2226791,98.62 124.07 182
1924,1482,12 4 4,41,2226791,98.62 124.07 182
1925,1500,15 2 4,40.5,2226777,100.73 122.14 181
1926,1490,14 9 1,39.5,2226597,99.22 126.78 177
1927,1478,11 7 2,41,2226571,97.82 126.45 180
1928,1494,15 0 12,39.5,2226549,100.01 119.7 186
1929,1448,6 5 15,41,2226369,93.85 124.86 190
1930,1445,6 5 14,41,2226369,93.85 124.86 190
1931,1424,2 14 10,41,2226321,90.66 132.02 186
1932,1421,2 14 9,41,2226321,90.66 132.02 186
1933,1448,6 11 6,41,2226294,93.85 129.63 183
1934,1434,4 12 8,41,2226053,92.25 130.43 185
1935,1459,8 4 12,41,2226002,95.44 124.07 188
1936,1441,5 8 12,41,2226002,93.05 127.25 188
1937,1454,7 7 10,41,2225968,94.64 126.45 186
1938,1451,7 7 9,41,2225968,94.64 126.45 186
1939,1478,11 1 11,41,2225871,97.82 121.68 187
1940,1489,13 1 7,41,2225774,99.41 121.68 184
1941,1490,14 6 2,40,2225689,99.58 124.87 179
1942,1493,15 5 4,39.5,2225603,100.01 123.63 180
1943,1494,14 4 3,40.5,2225571,99.93 123.73 180
1944,1458,8 10 3,41,2225547,95.44 128.84 181
1945,1496,14 4 1,41,2225410,100.21 124.07 179
1946,1497,15 3 5,40,2225348,100.37 122.5 181
1947,1491,15 7 4,39,2225314,99.65 124.76 179
1948,1473,10 10 0,41,2225137,97.03 128.84 178
1949,1492,15 1 13,39,2225080,99.65 120.05 186
1950,1429,3 9 15,41,2225047,91.46 128.04 190
1951,1426,3 9 14,41,2225047,91.46 128.04 190
1952,1465,9 6 7,41,2224960,96.23 125.66 184
1953,1490,14 0 11,40,2224902,99.58 120.13 186
1954,1476,11 6 3,41,2224860,97.82 125.66 181
1955,1466,9 1 15,41,2224807,96.23 121.68 190
1956,1463,9 1 14,41,2224807,96.23 121.68 190
1957,1422,2 13 11,41,2224807,90.66 131.22 187
1958,1446,6 10 7,41,2224727,93.85 128.84 184
1959,1472,10 3 10,41,2224674,97.03 123.27 186
1960,1469,10 3 9,41,2224674,97.03 123.27 186
1961,1484,12 3 6,41,2224674,98.62 123.27 183
1962,1498,15 1 5,40.5,2224540,100.73 121.35 182
1963,1440,5 15 2,41,2224522,93.05 132.82 180
1964,1500,15 1 3,41,2224516,101 121.68 181
1965,1435,4 11 10,41,2224439,92.25 129.63 186
1966,1432,4 11 9,41,2224439,92.25 129.63 186
1967,1409,0 15 12,41,2224099,89.07 132.82 188
1968,1460,8 9 5,41,2224029,95.44 128.04 182
1969,1457,8 9 4,41,2224029,95.44 128.04 182
1970,1454,7 14 0,41,2224011,94.64 132.02 178
1971,1492,14 5 4,40,2223958,99.58 124.08 180
1972,1453,7 6 11,41,2223860,94.64 125.66 187
1973,1439,5 7 13,41,2223856,93.05 126.45 189
1974,1471,10 9 1,41,2223825,97.03 128.04 179
1975,1495,15 4 6,39.5,2223713,100.01 122.85 181
1976,1491,15 4 5,39.5,2223713,100.01 122.85 181
1977,1490,15 6 5,39,2223672,99.65 123.97 180
1978,1493,14 3 4,40.5,2223589,99.93 122.93 181
1979,1490,13 6 0,41,2223561,99.41 125.66 178
1980,1457,8 3 13,41,2223497,95.44 123.27 189
1981,1494,14 3 2,41,2223497,100.21 123.27 180
1982,1439,5 14 3,41,2223486,93.05 132.02 181
1983,1487,13 0 8,41,2223244,99.41 120.89 185
1984,1496,15 2 6,40,2223206,100.37 121.71 182
1985,1476,11 0 12,41,2223148,97.82 120.89 188
1986,1421,2 12 12,41,2223148,90.66 130.43 188
1987,1453,7 13 1,41,2223032,94.64 131.22 179
1988,1445,6 9 8,41,2223010,93.85 128.04 185
1989,1478,11 5 5,41,2222993,97.82 124.86 182
1990,1475,11 5 4,41,2222993,97.82 124.86 182
1991,1428,3 15 6,41,2222938,91.46 132.82 183
1992,1463,9 5 8,41,2222893,96.23 124.86 185
1993,1434,4 10 11,41,2222678,92.25 128.84 187
1994,1408,0 14 13,41,2222541,89.07 132.02 189
1995,1490,15 0 14,39,2222421,99.65 119.26 187
1996,1482,12 2 7,41,2222399,98.62 122.48 184
1997,1459,8 8 6,41,2222359,95.44 127.25 183
1998,1470,10 8 2,41,2222359,97.03 127.25 180
1999,1441,5 13 5,41,2222302,93.05 131.22 182
2000,1438,5 13 4,41,2222302,93.05 131.22 182
2001,1471,10 2 11,41,2222205,97.03 122.48 187
2002,1498,15 0 4,41,2222187,101 120.89 182
2003,1496,15 0 6,40.5,2222144,100.73 120.55 183
2004,1490,14 4 5,40,2222069,99.58 123.29 181
2005,1452,7 12 2,41,2221903,94.64 130.43 180
2006,1489,13 5 1,41,2221900,99.41 124.86 179
2007,1427,3 14 7,41,2221701,91.46 132.02 184
2008,1493,15 3 7,39.5,2221666,100.01 122.06 182
2009,1451,7 5 12,41,2221602,94.64 124.86 188
2010,1441,5 6 15,41,2221562,93.05 125.66 190
2011,1438,5 6 14,41,2221562,93.05 125.66 190
2012,1493,14 2 3,41,2221425,100.21 122.48 181
2013,1420,2 11 13,41,2221346,90.66 129.63 189
2014,1447,6 8 10,41,2221144,93.85 127.25 186
2015,1444,6 8 9,41,2221144,93.85 127.25 186
2016,1476,11 4 6,41,2220970,97.82 124.07 183
2017,1440,5 12 6,41,2220970,93.05 130.43 183
2018,1494,15 1 7,40,2220906,100.37 120.92 183
2019,1459,8 2 15,41,2220841,95.44 122.48 190
2020,1456,8 2 14,41,2220841,95.44 122.48 190
2021,1409,0 13 15,41,2220841,89.07 131.22 190
2022,1406,0 13 14,41,2220841,89.07 131.22 190
2023,1433,4 9 12,41,2220770,92.25 128.04 188
2024,1469,10 7 3,41,2220738,97.03 126.45 181
2025,1465,9 4 10,41,2220674,96.23 124.07 186
2026,1462,9 4 9,41,2220674,96.23 124.07 186
2027,1451,7 11 3,41,2220624,94.64 129.63 181
2028,1457,8 7 7,41,2220537,95.44 126.45 184
2029,1465,9 11 0,41,2220521,96.23 129.63 178
2030,1426,3 13 8,41,2220319,91.46 131.22 185
2031,1415,1 15 10,41,2220086,89.87 132.82 186
2032,1412,1 15 9,41,2220086,89.87 132.82 186
2033,1487,13 4 2,41,2220082,99.41 124.07 180
2034,1480,12 1 8,41,2219968,98.62 121.68 185
2035,1490,15 4 8,39,2219919,99.65 122.4 182
2036,1483,12 7 0,41,2219733,98.62 126.45 178
2037,1469,10 1 12,41,2219581,97.03 121.68 188
2038,1439,5 11 7,41,2219490,93.05 129.63 184
2039,1491,15 2 8,39.5,2219461,100.01 121.27 183
2040,1421,2 10 15,41,2219399,90.66 128.84 190
2041,1418,2 10 14,41,2219399,90.66 128.84 190
2042,1464,9 10 1,41,2219296,96.23 128.84 179
2043,1450,7 4 13,41,2219194,94.64 124.07 189
2044,1495,14 1 5,41,2219194,100.21 121.68 182
2045,1491,14 1 4,41,2219194,100.21 121.68 182
2046,1452,7 10 5,41,2219194,94.64 128.84 182
2047,1449,7 10 4,41,2219194,94.64 128.84 182
2048,1445,6 7 11,41,2219129,93.85 126.45 187
2049,1471,10 6 5,41,2218964,97.03 125.66 182
2050,1467,10 6 4,41,2218964,97.03 125.66 182
2051,1427,3 12 10,41,2218792,91.46 130.43 186
2052,1424,3 12 9,41,2218792,91.46 130.43 186
2053,1475,11 3 7,41,2218792,97.82 123.27 184
2054,1431,4 8 13,41,2218716,92.25 127.25 189
2055,1414,1 14 11,41,2218656,89.87 132.02 187
2056,1446,6 15 0,41,2218607,93.85 132.82 178
2057,1456,8 6 8,41,2218564,95.44 125.66 185
2058,1495,15 0 9,40,2218447,100.37 120.13 184
2059,1492,15 0 8,40,2218447,100.37 120.13 184
2060,1496,15 4 0,40.5,2218309,100.73 123.73 178
2061,1463,9 3 11,41,2218301,96.23 123.27 187
2062,1495,15 6 0,40,2218288,100.37 124.87 177
2063,1482,12 6 1,41,2218164,98.62 125.66 179
2064,1486,13 3 3,41,2218105,99.41 123.27 181
2065,1463,9 9 2,41,2217919,96.23 128.04 180
2066,1437,5 10 8,41,2217862,93.05 128.84 185
2067,1431,4 15 3,41,2217762,92.25 132.82 181
2068,1445,6 14 1,41,2217711,93.85 132.02 179
2069,1451,7 9 6,41,2217613,94.64 128.04 183
2070,1482,12 0 10,41,2217380,98.62 120.89 186
2071,1479,12 0 9,41,2217380,98.62 120.89 186
2072,1426,3 11 11,41,2217119,91.46 129.63 187
2073,1413,1 13 12,41,2217084,89.87 131.22 188
2074,1469,10 5 6,41,2217034,97.03 124.86 183
2075,1444,6 6 12,41,2216965,93.85 125.66 188
2076,1467,10 0 13,41,2216803,97.03 120.89 189
2077,1493,14 0 6,41,2216803,100.21 120.89 183
2078,1494,15 5 1,40,2216702,100.37 124.08 178
2079,1444,6 13 2,41,2216666,93.85 131.22 180
2080,1433,4 14 5,41,2216661,92.25 132.02 182
2081,1430,4 14 4,41,2216661,92.25 132.02 182
2082,1451,7 3 15,41,2216635,94.64 123.27 190
2083,1448,7 3 14,41,2216635,94.64 123.27 190
2084,1433,4 7 15,41,2216515,92.25 126.45 190
2085,1430,4 7 14,41,2216515,92.25 126.45 190
2086,1495,15 3 1,40.5,2216472,100.73 122.93 179
2087,1473,11 2 8,41,2216458,97.82 122.48 185
2088,1457,8 5 10,41,2216439,95.44 124.86 186
2089,1454,8 5 9,41,2216439,95.44 124.86 186
2090,1480,12 5 2,41,2216439,98.62 124.86 180
2091,1492,15 7 1,39.5,2216389,100.01 125.21 177
2092,1461,9 8 3,41,2216388,96.23 127.25 181
2093,1500,15 3 0,41,2216243,101 123.27 178
2094,1439,5 9 10,41,2216086,93.05 128.04 186
2095,1436,5 9 9,41,2216086,93.05 128.04 186
2096,1487,13 2 5,41,2215971,99.41 122.48 182
2097,1484,13 2 4,41,2215971,99.41 122.48 182
2098,1450,7 8 7,41,2215882,94.64 127.25 184
2099,1462,9 2 12,41,2215776,96.23 122.48 188
2100,1476,11 8 0,41,2215680,97.82 127.25 178
2101,1457,8 12 0,41,2215680,95.44 130.43 178
2102,1419,2 15 7,41,2215649,90.66 132.82 184
2103,1443,6 12 3,41,2215472,93.85 130.43 181
2104,1432,4 13 6,41,2215414,92.25 131.22 183
2105,1412,1 12 13,41,2215368,89.87 130.43 189
2106,1425,3 10 12,41,2215300,91.46 128.84 188
2107,1492,15 4 2,40,2214957,100.37 123.29 179
2108,1468,10 4 7,41,2214951,97.03 124.07 184
2109,1491,15 6 2,39.5,2214893,100.01 124.42 178
2110,1463,9 7 5,41,2214704,96.23 126.45 182
2111,1460,9 7 4,41,2214704,96.23 126.45 182
2112,1442,6 5 13,41,2214651,93.85 124.86 189
2113,1491,15 0 11,39.5,2214578,100.01 119.7 185
2114,1479,12 4 3,41,2214556,98.62 124.07 181
2115,1456,8 11 1,41,2214541,95.44 129.63 179
2116,1496,15 2 3,40.5,2214474,100.73 122.14 180
2117,1493,15 2 2,40.5,2214474,100.73 122.14 180
2118,1418,2 14 8,41,2214351,90.66 132.02 185
2119,1498,15 2 1,41,2214315,101 122.48 179
2120,1474,11 7 1,41,2214201,97.82 126.45 179
2121,1456,8 4 11,41,2214162,95.44 124.07 187
2122,1438,5 8 11,41,2214162,93.05 127.25 187
2123,1445,6 11 5,41,2214129,93.85 129.63 182
2124,1441,6 11 4,41,2214129,93.85 129.63 182
2125,1431,4 12 7,41,2214020,92.25 130.43 184
2126,1448,7 7 8,41,2214000,94.64 126.45 185
2127,1475,11 1 10,41,2213968,97.82 121.68 186
2128,1472,11 1 9,41,2213968,97.82 121.68 186
2129,1486,13 1 6,41,2213678,99.41 121.68 183
2130,1413,1 11 15,41,2213510,89.87 129.63 190
2131,1410,1 11 14,41,2213510,89.87 129.63 190
2132,1423,3 9 13,41,2213336,91.46 128.04 189
2133,1455,8 10 2,41,2213251,95.44 128.84 180
2134,1460,9 1 13,41,2213097,96.23 121.68 189
2135,1494,15 3 4,40,2213053,100.37 122.5 180
2136,1491,15 3 3,40,2213053,100.37 122.5 180
2137,1493,14 4 0,41,2212978,100.21 124.07 178
2138,1419,2 13 10,41,2212909,90.66 131.22 186
2139,1416,2 13 9,41,2212909,90.66 131.22 186
2140,1462,9 6 6,41,2212868,96.23 125.66 183
2141,1466,10 3 8,41,2212713,97.03 123.27 185
2142,1443,6 10 6,41,2212636,93.85 128.84 183
2143,1473,11 6 2,41,2212568,97.82 125.66 180
2144,1480,12 3 5,41,2212517,98.62 123.27 182
2145,1477,12 3 4,41,2212517,98.62 123.27 182
2146,1429,4 11 8,41,2212479,92.25 129.63 185
2147,1495,15 1 4,40.5,2212317,100.73 121.35 181
2148,1406,0 15 11,41,2212269,89.07 132.82 187
2149,1497,15 1 2,41,2212226,101 121.68 180
2150,1444,6 4 15,41,2212188,93.85 124.07 190
2151,1441,6 4 14,41,2212188,93.85 124.07 190
2152,1437,5 15 1,41,2212164,93.05 132.82 179
2153,1436,5 7 12,41,2212090,93.05 126.45 188
2154,1450,7 6 10,41,2211968,94.64 125.66 186
2155,1447,7 6 9,41,2211968,94.64 125.66 186
2156,1454,8 9 3,41,2211809,95.44 128.04 181
2157,1454,8 3 12,41,2211733,95.44 123.27 188
2158,1468,10 9 0,41,2211401,97.03 128.04 178
2159,1473,11 0 11,41,2211323,97.82 120.89 187
2160,1418,2 12 11,41,2211323,90.66 130.43 187
2161,1425,3 8 15,41,2211227,91.46 127.25 190
2162,1422,3 8 14,41,2211227,91.46 127.25 190
2163,1484,13 0 7,41,2211227,99.41 120.89 184
2164,1436,5 14 2,41,2211202,93.05 132.02 180
2165,1491,14 3 1,41,2211145,100.21 123.27 179
2166,1442,6 9 7,41,2210994,93.85 128.04 184
2167,1492,15 2 5,40,2210991,100.37 121.71 181
2168,1460,9 5 7,41,2210878,96.23 124.86 184
2169,1431,4 10 10,41,2210792,92.25 128.84 186
2170,1428,4 10 9,41,2210792,92.25 128.84 186
2171,1425,3 15 5,41,2210790,91.46 132.82 182
2172,1422,3 15 4,41,2210790,91.46 132.82 182
2173,1405,0 14 12,41,2210782,89.07 132.02 188
2174,1471,11 5 3,41,2210778,97.82 124.86 181
2175,1450,7 13 0,41,2210613,94.64 131.22 178
2176,1467,10 2 10,41,2210321,97.03 122.48 186
2177,1464,10 2 9,41,2210321,97.03 122.48 186
2178,1479,12 2 6,41,2210321,98.62 122.48 183
2179,1461,9 0 15,41,2210265,96.23 120.89 190
2180,1458,9 0 14,41,2210265,96.23 120.89 190
2181,1456,8 8 5,41,2210215,95.44 127.25 182
2182,1452,8 8 4,41,2210215,95.44 127.25 182
2183,1435,5 13 3,41,2210091,93.05 131.22 181
2184,1467,10 8 1,41,2210012,97.03 127.25 179
2185,1493,15 0 5,40.5,2210001,100.73 120.55 182
2186,1495,15 0 3,41,2209977,101 120.89 181
2187,1435,5 6 13,41,2209869,93.05 125.66 189
2188,1448,7 5 11,41,2209785,94.64 124.86 187
2189,1424,3 14 6,41,2209627,91.46 132.02 183
2190,1417,2 11 12,41,2209592,90.66 129.63 188
2191,1449,7 12 1,41,2209560,94.64 130.43 179
2192,1485,13 5 0,41,2209487,99.41 124.86 178
2193,1441,6 8 8,41,2209203,93.85 127.25 185
2194,1453,8 2 13,41,2209152,95.44 122.48 189
2195,1403,0 13 13,41,2209152,89.07 131.22 189
2196,1490,14 2 2,41,2209152,100.21 122.48 180
2197,1430,4 9 11,41,2208957,92.25 128.04 187
2198,1473,11 4 5,41,2208833,97.82 124.07 182
2199,1470,11 4 4,41,2208833,97.82 124.07 182
2200,1437,5 12 5,41,2208833,93.05 130.43 182
2201,1434,5 12 4,41,2208833,93.05 130.43 182
2202,1491,15 1 6,40,2208770,100.37 120.92 182
2203,1459,9 4 8,41,2208735,96.23 124.07 185
2204,1454,8 7 6,41,2208469,95.44 126.45 183
2205,1465,10 7 2,41,2208469,97.03 126.45 180
2206,1447,7 11 2,41,2208355,94.64 129.63 180
2207,1423,3 13 7,41,2208317,91.46 131.22 184
2208,1409,1 15 8,41,2208150,89.87 132.82 185
2209,1477,12 1 7,41,2207968,98.62 121.68 184
2210,1466,10 1 11,41,2207775,97.03 121.68 187
2211,1484,13 4 1,41,2207748,99.41 124.07 179
2212,1415,2 10 13,41,2207718,90.66 128.84 189
2213,1436,5 5 15,41,2207501,93.05 124.86 190
2214,1433,5 5 14,41,2207501,93.05 124.86 190
2215,1447,7 4 12,41,2207452,94.64 124.07 188
2216,1435,5 11 6,41,2207427,93.05 129.63 183
2217,1405,0 12 15,41,2207381,89.07 130.43 190
2218,1402,0 12 14,41,2207381,89.07 130.43 190
2219,1442,6 7 10,41,2207262,93.85 126.45 186
2220,1439,6 7 9,41,2207262,93.85 126.45 186
2221,1488,14 1 3,41,2207000,100.21 121.68 181
2222,1446,7 10 3,41,2207000,94.64 128.84 181
2223,1428,4 8 12,41,2206976,92.25 127.25 188
2224,1461,9 10 0,41,2206898,96.23 128.84 178
2225,1421,3 12 8,41,2206863,91.46 130.43 185
2226,1411,1 14 10,41,2206792,89.87 132.02 186
2227,1408,1 14 9,41,2206792,89.87 132.02 186
2228,1464,10 6 3,41,2206771,97.03 125.66 181
2229,1472,11 3 6,41,2206733,97.82 123.27 183
2230,1453,8 6 7,41,2206572,95.44 125.66 184
2231,1460,9 3 10,41,2206439,96.23 123.27 186
2232,1457,9 3 9,41,2206439,96.23 123.27 186
2233,1454,8 1 15,41,2206420,95.44 121.68 190
2234,1451,8 1 14,41,2206420,95.44 121.68 190
2235,1434,5 10 7,41,2205873,93.05 128.84 184
2236,1483,13 3 2,41,2205851,99.41 123.27 180
2237,1478,12 6 0,41,2205772,98.62 125.66 178
2238,1417,2 9 15,41,2205699,90.66 128.04 190
2239,1414,2 9 14,41,2205699,90.66 128.04 190
2240,1459,9 9 1,41,2205597,96.23 128.04 179
2241,1428,4 15 2,41,2205509,92.25 132.82 180
2242,1448,7 9 5,41,2205495,94.64 128.04 182
2243,1445,7 9 4,41,2205495,94.64 128.04 182
2244,1475,12 0 8,41,2205458,98.62 120.89 185
2245,1442,6 14 0,41,2205322,93.85 132.02 178
2246,1410,1 13 11,41,2205291,89.87 131.22 187
2247,1423,3 11 10,41,2205262,91.46 129.63 186
2248,1420,3 11 9,41,2205262,91.46 129.63 186
2249,1441,6 6 11,41,2205172,93.85 125.66 187
2250,1464,10 0 12,41,2205074,97.03 120.89 188
2251,1445,7 3 13,41,2204968,94.64 123.27 189
2252,1466,10 5 5,41,2204919,97.03 124.86 182
2253,1463,10 5 4,41,2204919,97.03 124.86 182
2254,1427,4 7 13,41,2204849,92.25 126.45 189
2255,1490,14 0 5,41,2204689,100.21 120.89 182
2256,1486,14 0 4,41,2204689,100.21 120.89 182
2257,1451,8 5 8,41,2204522,95.44 124.86 185
2258,1427,4 14 3,41,2204482,92.25 132.02 181
2259,1470,11 2 7,41,2204477,97.82 122.48 184
2260,1441,6 13 1,41,2204352,93.85 131.22 179
2261,1490,15 5 0,40,2204248,100.37 124.08 177
2262,1433,5 9 8,41,2204171,93.05 128.04 185
2263,1458,9 8 2,41,2204143,96.23 127.25 180
2264,1477,12 5 1,41,2204125,98.62 124.86 179
2265,1459,9 2 11,41,2203990,96.23 122.48 187
2266,1447,7 8 6,41,2203839,94.64 127.25 183
2267,1481,13 2 3,41,2203795,99.41 122.48 181
2268,1409,1 12 12,41,2203647,89.87 130.43 188
2269,1416,2 15 6,41,2203608,90.66 132.82 183
2270,1422,3 10 11,41,2203517,91.46 128.84 187
2271,1429,4 13 5,41,2203308,92.25 131.22 182
2272,1426,4 13 4,41,2203308,92.25 131.22 182
2273,1440,6 12 2,41,2203232,93.85 130.43 180
2274,1439,6 5 12,41,2202933,93.85 124.86 188
2275,1464,10 4 6,41,2202913,97.03 124.07 183
2276,1428,4 6 15,41,2202574,92.25 125.66 190
2277,1425,4 6 14,41,2202574,92.25 125.66 190
2278,1457,9 7 3,41,2202536,96.23 126.45 181
2279,1415,2 14 7,41,2202382,90.66 132.02 184
2280,1447,7 2 15,41,2202334,94.64 122.48 190
2281,1444,7 2 14,41,2202334,94.64 122.48 190
2282,1453,8 4 10,41,2202321,95.44 124.07 186
2283,1450,8 4 9,41,2202321,95.44 124.07 186
2284,1434,5 8 10,41,2202321,93.05 127.25 186
2285,1431,5 8 9,41,2202321,93.05 127.25 186
2286,1475,12 4 2,41,2202321,98.62 124.07 180
2287,1453,8 11 0,41,2202169,95.44 129.63 178
2288,1468,11 1 8,41,2202065,97.82 121.68 185
2289,1445,7 7 7,41,2202033,94.64 126.45 184
2290,1428,4 12 6,41,2201987,92.25 130.43 183
2291,1438,6 11 3,41,2201963,93.85 129.63 181
2292,1495,15 2 0,41,2201944,101 122.48 178
2293,1407,1 11 13,41,2201860,89.87 129.63 189
2294,1471,11 7 0,41,2201832,97.82 126.45 178
2295,1420,3 9 12,41,2201625,91.46 128.04 188
2296,1483,13 1 5,41,2201581,99.41 121.68 182
2297,1479,13 1 4,41,2201581,99.41 121.68 182
2298,1457,9 1 12,41,2201388,96.23 121.68 188
2299,1413,2 13 8,41,2201012,90.66 131.22 185
2300,1452,8 10 1,41,2200955,95.44 128.84 179
2301,1458,9 6 5,41,2200775,96.23 125.66 182
2302,1455,9 6 4,41,2200775,96.23 125.66 182
2303,1463,10 3 7,41,2200753,97.03 123.27 184
2304,1438,6 4 13,41,2200545,93.85 124.07 189
2305,1440,6 10 5,41,2200545,93.85 128.84 182
2306,1437,6 10 4,41,2200545,93.85 128.84 182
2307,1426,4 11 7,41,2200520,92.25 129.63 184
2308,1403,0 15 10,41,2200439,89.07 132.82 186
2309,1400,0 15 9,41,2200439,89.07 132.82 186
2310,1474,12 3 3,41,2200360,98.62 123.27 181
2311,1433,5 7 11,41,2200323,93.05 126.45 187
2312,1470,11 6 1,41,2200276,97.82 125.66 179
2313,1444,7 6 8,41,2200076,94.64 125.66 185
2314,1451,8 3 11,41,2199968,95.44 123.27 187
2315,1493,15 1 1,41,2199936,101 121.68 179
2316,1409,1 10 15,41,2199930,89.87 128.84 190
2317,1406,1 10 14,41,2199930,89.87 128.84 190
2318,1434,5 15 0,41,2199805,93.05 132.82 178
2319,1419,3 8 13,41,2199589,91.46 127.25 189
2320,1451,8 9 2,41,2199589,95.44 128.04 180
2321,1470,11 0 10,41,2199498,97.82 120.89 186
2322,1467,11 0 9,41,2199498,97.82 120.89 186
2323,1415,2 12 10,41,2199498,90.66 130.43 186
2324,1412,2 12 9,41,2199498,90.66 130.43 186
2325,1481,13 0 6,41,2199209,99.41 120.89 183
2326,1402,0 14 11,41,2199022,89.07 132.02 187
2327,1439,6 9 6,41,2198978,93.85 128.04 183
2328,1433,5 14 1,41,2198917,93.05 132.02 179
2329,1425,4 10 8,41,2198906,92.25 128.84 185
2330,1457,9 5 6,41,2198862,96.23 124.86 183
2331,1488,14 3 0,41,2198792,100.21 123.27 178
2332,1419,3 15 3,41,2198643,91.46 132.82 181
2333,1455,9 0 13,41,2198632,96.23 120.89 189
2334,1468,11 5 2,41,2198564,97.82 124.86 180
2335,1461,10 2 8,41,2198438,97.03 122.48 185
2336,1476,12 2 5,41,2198243,98.62 122.48 182
2337,1472,12 2 4,41,2198243,98.62 122.48 182
2338,1432,5 6 12,41,2198177,93.05 125.66 188
2339,1449,8 8 3,41,2198071,95.44 127.25 181
2340,1439,6 3 15,41,2198008,93.85 123.27 190
2341,1436,6 3 14,41,2198008,93.85 123.27 190
2342,1445,7 5 10,41,2197968,94.64 124.86 186
2343,1442,7 5 9,41,2197968,94.64 124.86 186
2344,1432,5 13 2,41,2197881,93.05 131.22 180
2345,1414,2 11 11,41,2197839,90.66 129.63 187
2346,1492,15 0 2,41,2197767,101 120.89 180
2347,1464,10 8 0,41,2197666,97.03 127.25 178
2348,1421,3 14 5,41,2197552,91.46 132.02 182
2349,1418,3 14 4,41,2197552,91.46 132.02 182
2350,1450,8 2 12,41,2197464,95.44 122.48 188
2351,1400,0 13 12,41,2197464,89.07 131.22 188
2352,1420,3 7 15,41,2197407,91.46 126.45 190
2353,1417,3 7 14,41,2197407,91.46 126.45 190
2354,1437,6 8 7,41,2197261,93.85 127.25 184
2355,1445,7 12 0,41,2197216,94.64 130.43 178
2356,1427,4 9 10,41,2197145,92.25 128.04 186
2357,1424,4 9 9,41,2197145,92.25 128.04 186
2358,1486,14 2 1,41,2196879,100.21 122.48 179
2359,1455,9 4 7,41,2196796,96.23 124.07 184
2360,1467,11 4 3,41,2196697,97.82 124.07 181
2361,1430,5 12 3,41,2196697,93.05 130.43 181
2362,1451,8 7 5,41,2196401,95.44 126.45 182
2363,1448,8 7 4,41,2196401,95.44 126.45 182
2364,1420,3 13 6,41,2196316,91.46 131.22 183
2365,1406,1 15 7,41,2196214,89.87 132.82 184
2366,1462,10 7 1,41,2196200,97.03 126.45 179
2367,1444,7 11 1,41,2196087,94.64 129.63 179
2368,1412,2 10 12,41,2196037,90.66 128.84 188
2369,1463,10 1 10,41,2195968,97.03 121.68 186
2370,1460,10 1 9,41,2195968,97.03 121.68 186
2371,1474,12 1 6,41,2195968,98.62 121.68 183
2372,1430,5 5 13,41,2195883,93.05 124.86 189
2373,1399,0 12 13,41,2195763,89.07 130.43 189
2374,1444,7 4 11,41,2195710,94.64 124.07 187
2375,1481,13 4 0,41,2195414,99.41 124.07 178
2376,1436,6 7 8,41,2195395,93.85 126.45 185
2377,1432,5 11 5,41,2195365,93.05 129.63 182
2378,1429,5 11 4,41,2195365,93.05 129.63 182
2379,1425,4 8 11,41,2195237,92.25 127.25 187
2380,1418,3 12 7,41,2194934,91.46 130.43 184
2381,1405,1 14 8,41,2194927,89.87 132.02 185
2382,1448,8 1 13,41,2194807,95.44 121.68 189
2383,1485,14 1 2,41,2194807,100.21 121.68 180
2384,1443,7 10 2,41,2194807,94.64 128.84 180
2385,1468,11 3 5,41,2194674,97.82 123.27 182
2386,1465,11 3 4,41,2194674,97.82 123.27 182
2387,1450,8 6 6,41,2194579,95.44 125.66 183
2388,1461,10 6 2,41,2194579,97.03 125.66 180
2389,1454,9 3 8,41,2194576,96.23 123.27 185
2390,1411,2 9 13,41,2194090,90.66 128.04 189
2391,1401,0 11 15,41,2193922,89.07 129.63 190
2392,1398,0 11 14,41,2193922,89.07 129.63 190
2393,1431,5 10 6,41,2193885,93.05 128.84 183
2394,1479,13 3 1,41,2193596,99.41 123.27 179
2395,1472,12 0 7,41,2193537,98.62 120.89 184
2396,1407,1 13 10,41,2193498,89.87 131.22 186
2397,1404,1 13 9,41,2193498,89.87 131.22 186
2398,1431,5 4 15,41,2193441,93.05 124.07 190
2399,1428,5 4 14,41,2193441,93.05 124.07 190
2400,1417,3 11 8,41,2193406,91.46 129.63 185
2401,1438,6 6 10,41,2193380,93.85 125.66 186
2402,1435,6 6 9,41,2193380,93.85 125.66 186
2403,1442,7 9 3,41,2193377,94.64 128.04 181
2404,1461,10 0 11,41,2193345,97.03 120.89 187
2405,1442,7 3 12,41,2193302,94.64 123.27 188
2406,1456,9 9 0,41,2193275,96.23 128.04 178
2407,1425,4 15 1,41,2193256,92.25 132.82 179
2408,1424,4 7 12,41,2193183,92.25 126.45 188
2409,1459,10 5 3,41,2192805,97.03 124.86 181
2410,1448,8 5 7,41,2192606,95.44 124.86 184
2411,1483,14 0 3,41,2192576,100.21 120.89 181
2412,1467,11 2 6,41,2192496,97.82 122.48 183
2413,1424,4 14 2,41,2192302,92.25 132.02 180
2414,1430,5 9 7,41,2192257,93.05 128.04 184
2415,1455,9 2 10,41,2192204,96.23 122.48 186
2416,1452,9 2 9,41,2192204,96.23 122.48 186
2417,1438,6 13 0,41,2192037,93.85 131.22 178
2418,1449,8 0 15,41,2191999,95.44 120.89 190
2419,1446,8 0 14,41,2191999,95.44 120.89 190
2420,1412,2 8 15,41,2191999,90.66 127.25 190
2421,1410,2 8 14,41,2191999,90.66 127.25 190
2422,1406,1 12 11,41,2191925,89.87 130.43 187
2423,1455,9 8 1,41,2191898,96.23 127.25 179
2424,1474,12 5 0,41,2191812,98.62 124.86 178
2425,1443,7 8 5,41,2191796,94.64 127.25 182
2426,1440,7 8 4,41,2191796,94.64 127.25 182
2427,1419,3 10 10,41,2191733,91.46 128.84 186
2428,1416,3 10 9,41,2191733,91.46 128.84 186
2429,1478,13 2 2,41,2191619,99.41 122.48 180
2430,1413,2 15 5,41,2191566,90.66 132.82 182
2431,1410,2 15 4,41,2191566,90.66 132.82 182
2432,1436,6 5 11,41,2191216,93.85 124.86 187
2433,1423,4 13 3,41,2191202,92.25 131.22 181
2434,1436,6 12 1,41,2190992,93.85 130.43 179
2435,1422,4 6 13,41,2190982,92.25 125.66 189
2436,1461,10 4 5,41,2190875,97.03 124.07 182
2437,1458,10 4 4,41,2190875,97.03 124.07 182
2438,1440,7 2 13,41,2190743,94.64 122.48 189
2439,1447,8 4 8,41,2190481,95.44 124.07 185
2440,1428,5 8 8,41,2190481,93.05 127.25 185
2441,1411,2 14 6,41,2190412,90.66 132.02 183
2442,1453,9 7 2,41,2190367,96.23 126.45 180
2443,1404,1 11 12,41,2190210,89.87 129.63 188
2444,1465,11 1 7,41,2190162,97.82 121.68 184
2445,1472,12 4 1,41,2190086,98.62 124.07 179
2446,1442,7 7 6,41,2190065,94.64 126.45 183
2447,1424,4 12 5,41,2189954,92.25 130.43 182
2448,1421,4 12 4,41,2189954,92.25 130.43 182
2449,1417,3 9 11,41,2189915,91.46 128.04 187
2450,1435,6 11 2,41,2189798,93.85 129.63 180
2451,1454,9 1 11,41,2189678,96.23 121.68 187
2452,1476,13 1 3,41,2189485,99.41 121.68 181
2453,1410,2 13 7,41,2189115,90.66 131.22 184
2454,1435,6 4 12,41,2188902,93.85 124.07 188
2455,1460,10 3 6,41,2188792,97.03 123.27 183
2456,1452,9 6 3,41,2188683,96.23 125.66 181
2457,1449,8 10 0,41,2188659,95.44 128.84 178
2458,1424,4 5 15,41,2188634,92.25 124.86 190
2459,1421,4 5 14,41,2188634,92.25 124.86 190
2460,1397,0 15 8,41,2188609,89.07 132.82 185
2461,1423,4 11 6,41,2188560,92.25 129.63 183
2462,1430,5 7 10,41,2188557,93.05 126.45 186
2463,1427,5 7 9,41,2188557,93.05 126.45 186
2464,1434,6 10 3,41,2188454,93.85 128.84 181
2465,1403,1 10 13,41,2188352,89.87 128.84 189
2466,1448,8 3 10,41,2188204,95.44 123.27 186
2467,1445,8 3 9,41,2188204,95.44 123.27 186
2468,1471,12 3 2,41,2188204,98.62 123.27 180
2469,1441,7 6 7,41,2188183,94.64 125.66 184
2470,1442,7 1 15,41,2188033,94.64 121.68 190
2471,1439,7 1 14,41,2188033,94.64 121.68 190
2472,1466,11 6 0,41,2187984,97.82 125.66 178
2473,1416,3 8 12,41,2187951,91.46 127.25 188
2474,1464,11 0 8,41,2187672,97.82 120.89 185
2475,1409,2 12 8,41,2187672,90.66 130.43 185
2476,1490,15 1 0,41,2187646,101 121.68 178
2477,1447,8 9 1,41,2187369,95.44 128.04 179
2478,1399,0 14 10,41,2187263,89.07 132.02 186
2479,1396,0 14 9,41,2187263,89.07 132.02 186
2480,1478,13 0 5,41,2187192,99.41 120.89 182
2481,1475,13 0 4,41,2187192,99.41 120.89 182
2482,1422,4 10 7,41,2187020,92.25 128.84 184
2483,1452,9 0 12,41,2186999,96.23 120.89 188
2484,1436,6 9 5,41,2186961,93.85 128.04 182
2485,1433,6 9 4,41,2186961,93.85 128.04 182
2486,1454,9 5 5,41,2186846,96.23 124.86 182
2487,1451,9 5 4,41,2186846,96.23 124.86 182
2488,1430,5 14 0,41,2186633,93.05 132.02 178
2489,1458,10 2 7,41,2186554,97.03 122.48 184
2490,1416,3 15 2,41,2186496,91.46 132.82 180
2491,1429,5 6 11,41,2186485,93.05 125.66 187
2492,1433,6 3 13,41,2186439,93.85 123.27 189
2493,1404,1 9 15,41,2186350,89.87 128.04 190
2494,1402,1 9 14,41,2186350,89.87 128.04 190
2495,1465,11 5 1,41,2186350,97.82 124.86 179
2496,1469,12 2 3,41,2186165,98.62 122.48 181
2497,1439,7 5 8,41,2186151,94.64 124.86 185
2498,1411,2 11 10,41,2186086,90.66 129.63 186
2499,1408,2 11 9,41,2186086,90.66 129.63 186
2500,1446,8 8 2,41,2185927,95.44 127.25 180
2501,1414,3 7 13,41,2185841,91.46 126.45 189
2502,1446,8 2 11,41,2185775,95.44 122.48 187
2503,1397,0 13 11,41,2185775,89.07 131.22 187
2504,1429,5 13 1,41,2185671,93.05 131.22 179
2505,1488,15 0 1,41,2185557,101 120.89 179
2506,1415,3 14 3,41,2185478,91.46 132.02 181
2507,1421,4 9 8,41,2185332,92.25 128.04 185
2508,1434,6 8 6,41,2185320,93.85 127.25 183
2509,1452,9 4 6,41,2184857,96.23 124.07 183
2510,1483,14 2 0,41,2184606,100.21 122.48 178
2511,1464,11 4 2,41,2184561,97.82 124.07 180
2512,1427,5 12 2,41,2184561,93.05 130.43 180
2513,1409,2 10 11,41,2184356,90.66 128.84 187
2514,1445,8 7 3,41,2184333,95.44 126.45 181
2515,1416,3 13 5,41,2184314,91.46 131.22 182
2516,1413,3 13 4,41,2184314,91.46 131.22 182
2517,1403,1 15 6,41,2184278,89.87 132.82 183
2518,1427,5 5 12,41,2184265,93.05 124.86 188
2519,1456,10 1 8,41,2184162,97.03 121.68 185
2520,1396,0 12 12,41,2184146,89.07 130.43 188
2521,1441,7 4 10,41,2183968,94.64 124.07 186
2522,1438,7 4 9,41,2183968,94.64 124.07 186
2523,1471,12 1 5,41,2183968,98.62 121.68 182
2524,1468,12 1 4,41,2183968,98.62 121.68 182
2525,1459,10 7 0,41,2183931,97.03 126.45 178
2526,1434,6 2 15,41,2183827,93.85 122.48 190
2527,1431,6 2 14,41,2183827,93.85 122.48 190
2528,1441,7 11 0,41,2183818,94.64 129.63 178
2529,1416,3 6 15,41,2183586,91.46 125.66 190
2530,1413,3 6 14,41,2183586,91.46 125.66 190
2531,1433,6 7 7,41,2183528,93.85 126.45 184
2532,1422,4 8 10,41,2183498,92.25 127.25 186
2533,1419,4 8 9,41,2183498,92.25 127.25 186
2534,1426,5 11 3,41,2183302,93.05 129.63 181
2535,1445,8 1 12,41,2183194,95.44 121.68 188
2536,1402,1 14 7,41,2183063,89.87 132.02 184
2537,1415,3 12 6,41,2183005,91.46 130.43 183
2538,1451,9 3 7,41,2182714,96.23 123.27 184
2539,1462,11 3 3,41,2182616,97.82 123.27 181
2540,1481,14 1 1,41,2182614,100.21 121.68 179
2541,1440,7 10 1,41,2182614,94.64 128.84 179
2542,1446,8 6 5,41,2182587,95.44 125.66 182
2543,1443,8 6 4,41,2182587,95.44 125.66 182
2544,1408,2 9 12,41,2182481,90.66 128.04 188
2545,1458,10 6 1,41,2182387,97.03 125.66 179
2546,1395,0 11 13,41,2182375,89.07 129.63 189
2547,1425,5 4 13,41,2181896,93.05 124.07 189
2548,1428,5 10 5,41,2181896,93.05 128.84 182
2549,1425,5 10 4,41,2181896,93.05 128.84 182
2550,1401,1 13 8,41,2181705,89.87 131.22 185
2551,1439,7 3 11,41,2181635,94.64 123.27 187
2552,1458,10 0 10,41,2181616,97.03 120.89 186
2553,1455,10 0 9,41,2181616,97.03 120.89 186
2554,1469,12 0 6,41,2181616,98.62 120.89 183
2555,1432,6 6 8,41,2181588,93.85 125.66 185
2556,1414,3 11 7,41,2181550,91.46 129.63 184
2557,1421,4 7 11,41,2181517,92.25 126.45 187
2558,1476,13 3 0,41,2181341,99.41 123.27 178
2559,1438,7 9 2,41,2181259,94.64 128.04 180
2560,1422,4 15 0,41,2181003,92.25 132.82 178
2561,1445,8 5 6,41,2180690,95.44 124.86 183
2562,1456,10 5 2,41,2180690,97.03 124.86 180
2563,1464,11 2 5,41,2180515,97.82 122.48 182
2564,1460,11 2 4,41,2180515,97.82 122.48 182
2565,1396,0 10 15,41,2180462,89.07 128.84 190
2566,1393,0 10 14,41,2180462,89.07 128.84 190
2567,1443,8 0 13,41,2180462,95.44 120.89 189
2568,1407,2 8 13,41,2180462,90.66 127.25 189
2569,1480,14 0 2,41,2180462,100.21 120.89 180
2570,1449,9 2 8,41,2180418,96.23 122.48 185
2571,1427,5 9 6,41,2180342,93.05 128.04 183
2572,1403,1 12 10,41,2180204,89.87 130.43 186
2573,1400,1 12 9,41,2180204,89.87 130.43 186
2574,1421,4 14 1,41,2180123,92.25 132.02 179
2575,1413,3 10 8,41,2179950,91.46 128.84 185
2576,1437,7 8 3,41,2179754,94.64 127.25 181
2577,1452,9 8 0,41,2179652,96.23 127.25 178
2578,1406,2 15 3,41,2179525,90.66 132.82 181
2579,1433,6 5 10,41,2179498,93.85 124.86 186
2580,1430,6 5 9,41,2179498,93.85 124.86 186
2581,1474,13 2 1,41,2179444,99.41 122.48 179
2582,1419,4 6 12,41,2179389,92.25 125.66 188
2583,1427,5 3 15,41,2179380,93.05 123.27 190
2584,1424,5 3 14,41,2179380,93.05 123.27 190
2585,1437,7 2 12,41,2179151,94.64 122.48 188
2586,1419,4 13 2,41,2179096,92.25 131.22 180
2587,1455,10 4 3,41,2178838,97.03 124.07 181
2588,1433,6 12 0,41,2178752,93.85 130.43 178
2589,1443,8 4 7,41,2178640,95.44 124.07 184
2590,1425,5 8 7,41,2178640,93.05 127.25 184
2591,1401,1 11 11,41,2178560,89.87 129.63 187
2592,1408,2 14 5,41,2178443,90.66 132.02 182
2593,1405,2 14 4,41,2178443,90.66 132.02 182
2594,1408,2 7 15,41,2178299,90.66 126.45 190
2595,1405,2 7 14,41,2178299,90.66 126.45 190
2596,1462,11 1 6,41,2178259,97.82 121.68 183
2597,1414,3 9 10,41,2178204,91.46 128.04 186
2598,1411,3 9 9,41,2178204,91.46 128.04 186
2599,1450,9 7 1,41,2178198,96.23 126.45 179
2600,1439,7 7 5,41,2178098,94.64 126.45 182
2601,1436,7 7 4,41,2178098,94.64 126.45 182
2602,1451,9 1 10,41,2177969,96.23 121.68 186
2603,1448,9 1 9,41,2177969,96.23 121.68 186
2604,1418,4 12 3,41,2177922,92.25 130.43 181
2605,1469,12 4 0,41,2177851,98.62 124.07 178
2606,1432,6 11 1,41,2177632,93.85 129.63 179
2607,1473,13 1 2,41,2177388,99.41 121.68 180
2608,1432,6 4 11,41,2177259,93.85 124.07 187
2609,1407,2 13 6,41,2177217,90.66 131.22 183
2610,1418,4 5 13,41,2177115,92.25 124.86 189
2611,1456,10 3 5,41,2176831,97.03 123.27 182
2612,1453,10 3 4,41,2176831,97.03 123.27 182
2613,1424,5 7 8,41,2176790,93.05 126.45 185
2614,1394,0 15 7,41,2176778,89.07 132.82 184
2615,1400,1 10 12,41,2176773,89.87 128.84 188
2616,1420,4 11 5,41,2176601,92.25 129.63 182
2617,1417,4 11 4,41,2176601,92.25 129.63 182
2618,1449,9 6 2,41,2176591,96.23 125.66 180
2619,1436,7 1 13,41,2176517,94.64 121.68 189
2620,1442,8 3 8,41,2176439,95.44 123.27 185
2621,1431,6 10 2,41,2176363,93.85 128.84 180
2622,1413,3 8 11,41,2176313,91.46 127.25 187
2623,1437,7 6 6,41,2176291,94.64 125.66 183
2624,1467,12 3 1,41,2176047,98.62 123.27 179
2625,1460,11 0 7,41,2175847,97.82 120.89 184
2626,1406,2 12 7,41,2175847,90.66 130.43 184
2627,1393,0 14 8,41,2175503,89.07 132.02 185
2628,1449,9 0 11,41,2175366,96.23 120.89 187
2629,1471,13 0 3,41,2175174,99.41 120.89 181
2630,1444,8 9 0,41,2175149,95.44 128.04 178
2631,1419,4 10 6,41,2175134,92.25 128.84 183
2632,1429,6 9 3,41,2174945,93.85 128.04 181
2633,1430,6 3 12,41,2174871,93.85 123.27 188
2634,1399,1 9 13,41,2174843,89.87 128.04 189
2635,1447,9 5 3,41,2174831,96.23 124.86 181
2636,1425,5 6 10,41,2174792,93.05 125.66 186
2637,1422,5 6 9,41,2174792,93.05 125.66 186
2638,1419,4 4 15,41,2174693,92.25 124.07 190
2639,1416,4 4 14,41,2174693,92.25 124.07 190
2640,1455,10 2 6,41,2174671,97.03 122.48 183
2641,1413,3 15 1,41,2174349,91.46 132.82 179
2642,1436,7 5 7,41,2174334,94.64 124.86 184
2643,1405,2 11 8,41,2174333,90.66 129.63 185
2644,1411,3 7 12,41,2174276,91.46 126.45 188
2645,1462,11 5 0,41,2174136,97.82 124.86 178
2646,1443,8 2 10,41,2174086,95.44 122.48 186
2647,1440,8 2 9,41,2174086,95.44 122.48 186
2648,1394,0 13 10,41,2174086,89.07 131.22 186
2649,1391,0 13 9,41,2174086,89.07 131.22 186
2650,1466,12 2 2,41,2174086,98.62 122.48 180
2651,1443,8 8 1,41,2173783,95.44 127.25 179
2652,1437,7 0 15,41,2173732,94.64 120.89 190
2653,1434,7 0 14,41,2173732,94.64 120.89 190
2654,1418,4 9 7,41,2173520,92.25 128.04 184
2655,1425,5 13 0,41,2173460,93.05 131.22 178
2656,1411,3 14 2,41,2173403,91.46 132.02 180
2657,1431,6 8 5,41,2173378,93.85 127.25 182
2658,1428,6 8 4,41,2173378,93.85 127.25 182
2659,1485,15 0 0,41,2173348,101 120.89 178
2660,1449,9 4 5,41,2172917,96.23 124.07 182
2661,1446,9 4 4,41,2172917,96.23 124.07 182
2662,1400,1 8 15,41,2172771,89.87 127.25 190
2663,1397,1 8 14,41,2172771,89.87 127.25 190
2664,1406,2 10 10,41,2172675,90.66 128.84 186
2665,1403,2 10 9,41,2172675,90.66 128.84 186
2666,1424,5 5 11,41,2172646,93.05 124.86 187
2667,1393,0 12 11,41,2172528,89.07 130.43 187
2668,1460,11 4 1,41,2172424,97.82 124.07 179
2669,1424,5 12 1,41,2172424,93.05 130.43 179
2670,1453,10 1 7,41,2172356,97.03 121.68 184
2671,1400,1 15 5,41,2172342,89.87 132.82 182
2672,1397,1 15 4,41,2172342,89.87 132.82 182
2673,1428,6 2 13,41,2172333,93.85 122.48 189
2674,1410,3 13 3,41,2172312,91.46 131.22 181
2675,1441,8 7 2,41,2172265,95.44 126.45 180
2676,1434,7 4 8,41,2172227,94.64 124.07 185
2677,1410,3 6 13,41,2172094,91.46 125.66 189
2678,1464,12 1 3,41,2171969,98.62 121.68 181
2679,1416,4 8 8,41,2171759,92.25 127.25 185
2680,1430,6 7 6,41,2171661,93.85 126.45 183
2681,1442,8 1 11,41,2171582,95.44 121.68 187
2682,1423,5 11 2,41,2171240,93.05 129.63 180
2683,1399,1 14 6,41,2171198,89.87 132.02 183
2684,1412,3 12 5,41,2171076,91.46 130.43 182
2685,1409,3 12 4,41,2171076,91.46 130.43 182
2686,1405,2 9 11,41,2170872,90.66 128.04 187
2687,1448,9 3 6,41,2170851,96.23 123.27 183
2688,1392,0 11 12,41,2170828,89.07 129.63 188
2689,1440,8 6 3,41,2170595,95.44 125.66 181
2690,1459,11 3 2,41,2170557,97.82 123.27 180
2691,1478,14 1 0,41,2170420,100.21 121.68 178
2692,1437,7 10 0,41,2170420,94.64 128.84 178
2693,1422,5 4 12,41,2170352,93.05 124.07 188
2694,1454,10 6 0,41,2170195,97.03 125.66 178
2695,1436,7 3 10,41,2169969,94.64 123.27 186
2696,1433,7 3 9,41,2169969,94.64 123.27 186
2697,1398,1 13 7,41,2169912,89.87 131.22 184
2698,1422,5 10 3,41,2169908,93.05 128.84 181
2699,1452,10 0 8,41,2169886,97.03 120.89 185
2700,1418,4 7 10,41,2169851,92.25 126.45 186
2701,1415,4 7 9,41,2169851,92.25 126.45 186
2702,1428,6 6 7,41,2169795,93.85 125.66 184
2703,1411,3 5 15,41,2169766,91.46 124.86 190
2704,1408,3 5 14,41,2169766,91.46 124.86 190
2705,1411,3 11 6,41,2169694,91.46 129.63 183
2706,1466,12 0 5,41,2169694,98.62 120.89 182
2707,1463,12 0 4,41,2169694,98.62 120.89 182
2708,1430,6 1 15,41,2169646,93.85 121.68 190
2709,1427,6 1 14,41,2169646,93.85 121.68 190
2710,1435,7 9 1,41,2169141,94.64 128.04 179
2711,1390,0 10 13,41,2168986,89.07 128.84 189
2712,1440,8 0 12,41,2168925,95.44 120.89 188
2713,1404,2 8 12,41,2168925,90.66 127.25 188
2714,1442,8 5 5,41,2168773,95.44 124.86 182
2715,1439,8 5 4,41,2168773,95.44 124.86 182
2716,1446,9 2 7,41,2168632,96.23 122.48 184
2717,1453,10 5 1,41,2168575,97.03 124.86 179
2718,1457,11 2 3,41,2168534,97.82 122.48 181
2719,1397,1 12 8,41,2168482,89.87 130.43 185
2720,1424,5 9 5,41,2168428,93.05 128.04 182
2721,1420,5 9 4,41,2168428,93.05 128.04 182
2722,1477,14 0 1,41,2168348,100.21 120.89 179
2723,1410,3 10 7,41,2168166,91.46 128.84 184
2724,1417,4 14 0,41,2167943,92.25 132.02 178
2725,1421,5 3 13,41,2167910,93.05 123.27 189
2726,1416,4 6 11,41,2167797,92.25 125.66 187
2727,1427,6 5 8,41,2167780,93.85 124.86 185
2728,1434,7 8 2,41,2167711,94.64 127.25 180
2729,1434,7 2 11,41,2167560,94.64 122.48 187
2730,1403,2 15 2,41,2167483,90.66 132.82 180
2731,1471,13 2 0,41,2167268,99.41 122.48 178
2732,1392,0 9 15,41,2167002,89.07 128.04 190
2733,1389,0 9 14,41,2167002,89.07 128.04 190
2734,1416,4 13 1,41,2166990,92.25 131.22 179
2735,1398,1 11 10,41,2166910,89.87 129.63 186
2736,1395,1 11 9,41,2166910,89.87 129.63 186
2737,1402,2 7 13,41,2166834,90.66 126.45 189
2738,1440,8 4 6,41,2166800,95.44 124.07 183
2739,1422,5 8 6,41,2166800,93.05 127.25 183
2740,1452,10 4 2,41,2166800,97.03 124.07 180
2741,1408,3 9 8,41,2166493,91.46 128.04 185
2742,1402,2 14 3,41,2166473,90.66 132.02 181
2743,1459,11 1 5,41,2166356,97.82 121.68 182
2744,1456,11 1 4,41,2166356,97.82 121.68 182
2745,1445,9 1 8,41,2166259,96.23 121.68 185
2746,1433,7 7 3,41,2166130,94.64 126.45 181
2747,1447,9 7 0,41,2166029,96.23 126.45 178
2748,1415,4 12 2,41,2165889,92.25 130.43 180
2749,1429,6 4 10,41,2165616,93.85 124.07 186
2750,1425,6 4 9,41,2165616,93.85 124.07 186
2751,1415,4 5 12,41,2165596,92.25 124.86 188
2752,1429,6 11 0,41,2165467,93.85 129.63 178
2753,1422,5 2 15,41,2165320,93.05 122.48 190
2754,1419,5 2 14,41,2165320,93.05 122.48 190
2755,1404,2 13 5,41,2165320,90.66 131.22 182
2756,1401,2 13 4,41,2165320,90.66 131.22 182
2757,1470,13 1 1,41,2165291,99.41 121.68 179
2758,1397,1 10 11,41,2165195,89.87 128.84 187
2759,1421,5 7 7,41,2165024,93.05 126.45 184
2760,1433,7 1 12,41,2165001,94.64 121.68 188
2761,1391,0 15 6,41,2164948,89.07 132.82 183
2762,1450,10 3 3,41,2164871,97.03 123.27 181
2763,1410,3 8 10,41,2164675,91.46 127.25 186
2764,1407,3 8 9,41,2164675,91.46 127.25 186
2765,1439,8 3 7,41,2164675,95.44 123.27 184
2766,1414,4 11 3,41,2164642,92.25 129.63 181
2767,1404,2 6 15,41,2164599,90.66 125.66 190
2768,1401,2 6 14,41,2164599,90.66 125.66 190
2769,1446,9 6 1,41,2164499,96.23 125.66 179
2770,1434,7 6 5,41,2164399,94.64 125.66 182
2771,1431,7 6 4,41,2164399,94.64 125.66 182
2772,1428,6 10 1,41,2164272,93.85 128.84 179
2773,1457,11 0 6,41,2164022,97.82 120.89 183
2774,1403,2 12 6,41,2164022,90.66 130.43 183
2775,1464,12 3 0,41,2163890,98.62 123.27 178
2776,1390,0 14 7,41,2163744,89.07 132.02 184
2777,1446,9 0 10,41,2163733,96.23 120.89 186
2778,1443,9 0 9,41,2163733,96.23 120.89 186
2779,1396,1 9 12,41,2163336,89.87 128.04 188
2780,1427,6 3 11,41,2163302,93.85 123.27 187
2781,1413,4 4 13,41,2163248,92.25 124.07 189
2782,1416,4 10 5,41,2163248,92.25 128.84 182
2783,1413,4 10 4,41,2163248,92.25 128.84 182
2784,1468,13 0 2,41,2163157,99.41 120.89 180
2785,1419,5 6 8,41,2163100,93.05 125.66 185
2786,1426,6 9 2,41,2162929,93.85 128.04 180
2787,1444,9 5 2,41,2162815,96.23 124.86 180
2788,1452,10 2 5,41,2162787,97.03 122.48 182
2789,1449,10 2 4,41,2162787,97.03 122.48 182
2790,1409,3 7 11,41,2162711,91.46 126.45 187
2791,1402,2 11 7,41,2162580,90.66 129.63 184
2792,1433,7 5 6,41,2162517,94.64 124.86 183
2793,1437,8 2 8,41,2162398,95.44 122.48 185
2794,1388,0 13 8,41,2162398,89.07 131.22 185
2795,1431,7 0 13,41,2162291,94.64 120.89 189
2796,1409,3 15 0,41,2162202,91.46 132.82 178
2797,1463,12 2 1,41,2162008,98.62 122.48 179
2798,1414,4 9 6,41,2161707,92.25 128.04 183
2799,1440,8 8 0,41,2161639,95.44 127.25 178
2800,1425,6 8 3,41,2161436,93.85 127.25 181
2801,1394,1 8 13,41,2161335,89.87 127.25 189
2802,1408,3 14 1,41,2161329,91.46 132.02 179
2803,1421,5 5 10,41,2161028,93.05 124.86 186
2804,1418,5 5 9,41,2161028,93.05 124.86 186
2805,1400,2 10 8,41,2160993,90.66 128.84 185
2806,1443,9 4 3,41,2160978,96.23 124.07 181
2807,1390,0 12 10,41,2160910,89.07 130.43 186
2808,1387,0 12 9,41,2160910,89.07 130.43 186
2809,1425,6 2 12,41,2160839,93.85 122.48 188
2810,1415,4 3 15,41,2160753,92.25 123.27 190
2811,1412,4 3 14,41,2160753,92.25 123.27 190
2812,1407,3 6 12,41,2160601,91.46 125.66 188
2813,1450,10 1 6,41,2160549,97.03 121.68 183
2814,1431,7 4 7,41,2160485,94.64 124.07 184
2815,1394,1 15 3,41,2160406,89.87 132.82 181
2816,1407,3 13 2,41,2160310,91.46 131.22 180
2817,1457,11 4 0,41,2160288,97.82 124.07 178
2818,1421,5 12 0,41,2160288,93.05 130.43 178
2819,1438,8 7 1,41,2160197,95.44 126.45 179
2820,1413,4 8 7,41,2160019,92.25 127.25 184
2821,1439,8 1 10,41,2159969,95.44 121.68 186
2822,1436,8 1 9,41,2159969,95.44 121.68 186
2823,1461,12 1 2,41,2159969,98.62 121.68 180
2824,1427,6 7 5,41,2159794,93.85 126.45 182
2825,1424,6 7 4,41,2159794,93.85 126.45 182
2826,1396,1 14 5,41,2159334,89.87 132.02 182
2827,1393,1 14 4,41,2159334,89.87 132.02 182
2828,1389,0 11 11,41,2159281,89.07 129.63 187
2829,1402,2 9 10,41,2159263,90.66 128.04 186
2830,1399,2 9 9,41,2159263,90.66 128.04 186
2831,1396,1 7 15,41,2159191,89.87 126.45 190
2832,1393,1 7 14,41,2159191,89.87 126.45 190
2833,1420,5 11 1,41,2159178,93.05 129.63 179
2834,1406,3 12 3,41,2159147,91.46 130.43 181
2835,1445,9 3 5,41,2158988,96.23 123.27 182
2836,1441,9 3 4,41,2158988,96.23 123.27 182
2837,1419,5 4 11,41,2158808,93.05 124.07 187
2838,1437,8 6 2,41,2158603,95.44 125.66 180
2839,1456,11 3 1,41,2158498,97.82 123.27 179
2840,1406,3 5 13,41,2158346,91.46 124.86 189
2841,1430,7 3 8,41,2158302,94.64 123.27 185
2842,1424,6 1 13,41,2158227,93.85 121.68 189
2843,1412,4 7 8,41,2158185,92.25 126.45 185
2844,1449,10 0 7,41,2158157,97.03 120.89 184
2845,1395,1 13 6,41,2158119,89.87 131.22 183
2846,1425,6 6 6,41,2158003,93.85 125.66 183
2847,1419,5 10 2,41,2157920,93.05 128.84 180
2848,1408,3 11 5,41,2157837,91.46 129.63 182
2849,1405,3 11 4,41,2157837,91.46 129.63 182
2850,1460,12 0 3,41,2157773,98.62 120.89 181
2851,1388,0 10 12,41,2157510,89.07 128.84 188
2852,1437,8 0 11,41,2157388,95.44 120.89 187
2853,1401,2 8 11,41,2157388,90.66 127.25 187
2854,1432,7 9 0,41,2157023,94.64 128.04 178
2855,1436,8 5 3,41,2156857,95.44 124.86 181
2856,1443,9 2 6,41,2156846,96.23 122.48 183
2857,1394,1 12 7,41,2156761,89.87 130.43 184
2858,1454,11 2 2,41,2156553,97.82 122.48 180
2859,1417,5 9 3,41,2156513,93.05 128.04 181
2860,1450,10 5 0,41,2156460,97.03 124.86 178
2861,1418,5 3 12,41,2156439,93.05 123.27 188
2862,1407,3 10 6,41,2156383,91.46 128.84 183
2863,1473,14 0 0,41,2156235,100.21 120.89 178
2864,1413,4 6 10,41,2156204,92.25 125.66 186
2865,1410,4 6 9,41,2156204,92.25 125.66 186
2866,1424,6 5 7,41,2156063,93.85 124.86 184
2867,1431,7 2 10,41,2155969,94.64 122.48 186
2868,1428,7 2 9,41,2155969,94.64 122.48 186
2869,1407,3 4 15,41,2155946,91.46 124.07 190
2870,1404,3 4 14,41,2155946,91.46 124.07 190
2871,1431,7 8 1,41,2155668,94.64 127.25 179
2872,1386,0 9 13,41,2155597,89.07 128.04 189
2873,1425,6 0 15,41,2155465,93.85 120.89 190
2874,1422,6 0 14,41,2155465,93.85 120.89 190
2875,1400,2 15 1,41,2155441,90.66 132.82 179
2876,1399,2 7 12,41,2155369,90.66 126.45 188
2877,1392,1 11 8,41,2155260,89.87 129.63 185
2878,1437,8 4 5,41,2154959,95.44 124.07 182
2879,1434,8 4 4,41,2154959,95.44 124.07 182
2880,1419,5 8 5,41,2154959,93.05 127.25 182
2881,1416,5 8 4,41,2154959,93.05 127.25 182
2882,1413,4 13 0,41,2154884,92.25 131.22 178
2883,1405,3 9 7,41,2154782,91.46 128.04 184
2884,1448,10 4 1,41,2154762,97.03 124.07 179
2885,1441,9 1 7,41,2154550,96.23 121.68 184
2886,1399,2 14 2,41,2154504,90.66 132.02 180
2887,1453,11 1 3,41,2154453,97.82 121.68 181
2888,1429,7 7 2,41,2154162,94.64 126.45 180
2889,1412,4 5 11,41,2154076,92.25 124.86 187
2890,1422,6 4 8,41,2153973,93.85 124.07 185
2891,1416,5 2 13,41,2153923,93.05 122.48 189
2892,1412,4 12 1,41,2153856,92.25 130.43 179
2893,1394,1 10 10,41,2153616,89.87 128.84 186
2894,1391,1 10 9,41,2153616,89.87 128.84 186
2895,1388,0 8 15,41,2153543,89.07 127.25 190
2896,1385,0 8 14,41,2153543,89.07 127.25 190
2897,1430,7 1 11,41,2153485,94.64 121.68 187
2898,1398,2 13 3,41,2153422,90.66 131.22 181
2899,1418,5 7 6,41,2153257,93.05 126.45 183
2900,1398,2 6 13,41,2153206,90.66 125.66 189
2901,1466,13 1 0,41,2153195,99.41 121.68 178
2902,1388,0 15 5,41,2153118,89.07 132.82 182
2903,1385,0 15 4,41,2153118,89.07 132.82 182
2904,1404,3 8 8,41,2153037,91.46 127.25 185
2905,1436,8 3 6,41,2152910,95.44 123.27 183
2906,1447,10 3 2,41,2152910,97.03 123.27 180
2907,1411,4 11 2,41,2152682,92.25 129.63 180
2908,1428,7 6 3,41,2152507,94.64 125.66 181
2909,1443,9 6 0,41,2152407,96.23 125.66 178
2910,1454,11 0 5,41,2152197,97.82 120.89 182
2911,1451,11 0 4,41,2152197,97.82 120.89 182
2912,1400,2 12 5,41,2152197,90.66 130.43 182
2913,1397,2 12 4,41,2152197,90.66 130.43 182
2914,1424,6 10 0,41,2152181,93.85 128.84 178
2915,1440,9 0 8,41,2152101,96.23 120.89 185
2916,1387,0 14 6,41,2151984,89.07 132.02 183
2917,1393,1 9 11,41,2151829,89.87 128.04 187
2918,1410,4 4 12,41,2151802,92.25 124.07 188
2919,1424,6 3 10,41,2151734,93.85 123.27 186
2920,1421,6 3 9,41,2151734,93.85 123.27 186
2921,1416,5 6 7,41,2151407,93.05 125.66 184
2922,1410,4 10 3,41,2151362,92.25 128.84 181
2923,1418,5 1 15,41,2151259,93.05 121.68 190
2924,1415,5 1 14,41,2151259,93.05 121.68 190
2925,1406,3 7 10,41,2151145,91.46 126.45 186
2926,1403,3 7 9,41,2151145,91.46 126.45 186
2927,1465,13 0 1,41,2151139,99.41 120.89 179
2928,1423,6 9 1,41,2150913,93.85 128.04 179
2929,1445,10 2 3,41,2150904,97.03 122.48 181
2930,1399,2 5 15,41,2150899,90.66 124.86 190
2931,1396,2 5 14,41,2150899,90.66 124.86 190
2932,1428,7 0 12,41,2150851,94.64 120.89 188
2933,1399,2 11 6,41,2150827,90.66 129.63 183
2934,1441,9 5 1,41,2150799,96.23 124.86 179
2935,1434,8 2 7,41,2150709,95.44 122.48 184
2936,1386,0 13 7,41,2150709,89.07 131.22 184
2937,1430,7 5 5,41,2150700,94.64 124.86 182
2938,1427,7 5 4,41,2150700,94.64 124.86 182
2939,1459,12 2 0,41,2149930,98.62 122.48 178
2940,1391,1 8 12,41,2149899,89.87 127.25 188
2941,1411,4 9 5,41,2149894,92.25 128.04 182
2942,1408,4 9 4,41,2149894,92.25 128.04 182
2943,1422,6 8 2,41,2149495,93.85 127.25 180
2944,1415,5 5 8,41,2149409,93.05 124.86 185
2945,1409,4 3 13,41,2149381,92.25 123.27 189
2946,1422,6 2 11,41,2149345,93.85 122.48 187
2947,1397,2 10 7,41,2149312,90.66 128.84 184
2948,1384,0 12 8,41,2149292,89.07 130.43 185
2949,1405,3 14 0,41,2149254,91.46 132.02 178
2950,1404,3 6 11,41,2149109,91.46 125.66 187
2951,1440,9 4 2,41,2149039,96.23 124.07 180
2952,1428,7 4 6,41,2148743,94.64 124.07 183
2953,1447,10 1 5,41,2148743,97.03 121.68 182
2954,1444,10 1 4,41,2148743,97.03 121.68 182
2955,1391,1 15 2,41,2148470,89.87 132.82 180
2956,1433,8 1 8,41,2148356,95.44 121.68 185
2957,1404,3 13 1,41,2148309,91.46 131.22 179
2958,1410,4 8 6,41,2148280,92.25 127.25 183
2959,1435,8 7 0,41,2148128,95.44 126.45 178
2960,1458,12 1 1,41,2147969,98.62 121.68 179
2961,1421,6 7 3,41,2147927,93.85 126.45 181
2962,1390,1 7 13,41,2147827,89.87 126.45 189
2963,1386,0 11 10,41,2147734,89.07 129.63 186
2964,1383,0 11 9,41,2147734,89.07 129.63 186
2965,1396,2 9 8,41,2147654,90.66 128.04 185
2966,1390,1 14 3,41,2147469,89.87 132.02 181
2967,1416,5 4 10,41,2147263,93.05 124.07 186
2968,1413,5 4 9,41,2147263,93.05 124.07 186
2969,1403,3 12 2,41,2147218,91.46 130.43 180
2970,1438,9 3 3,41,2147126,96.23 123.27 181
2971,1417,5 11 0,41,2147115,93.05 129.63 178
2972,1403,3 5 12,41,2146927,91.46 124.86 188
2973,1410,4 2 15,41,2146813,92.25 122.48 190
2974,1407,4 2 14,41,2146813,92.25 122.48 190
2975,1421,6 1 12,41,2146808,93.85 121.68 188
2976,1427,7 3 7,41,2146636,94.64 123.27 184
2977,1434,8 6 1,41,2146610,95.44 125.66 179
2978,1409,4 7 7,41,2146519,92.25 126.45 184
2979,1452,11 3 0,41,2146440,97.82 123.27 178
2980,1445,10 0 6,41,2146428,97.03 120.89 183
2981,1392,1 13 5,41,2146326,89.87 131.22 182
2982,1389,1 13 4,41,2146326,89.87 131.22 182
2983,1422,6 6 5,41,2146211,93.85 125.66 182
2984,1419,6 6 4,41,2146211,93.85 125.66 182
2985,1385,0 10 11,41,2146034,89.07 128.84 187
2986,1402,3 11 3,41,2145981,91.46 129.63 181
2987,1415,5 10 1,41,2145931,93.05 128.84 179
2988,1434,8 0 10,41,2145851,95.44 120.89 186
2989,1431,8 0 9,41,2145851,95.44 120.89 186
2990,1398,2 8 10,41,2145851,90.66 127.25 186
2991,1395,2 8 9,41,2145851,90.66 127.25 186
2992,1456,12 0 2,41,2145851,98.62 120.89 180
2993,1391,1 6 15,41,2145611,89.87 125.66 190
2994,1388,1 6 14,41,2145611,89.87 125.66 190
2995,1440,9 2 5,41,2145059,96.23 122.48 182
2996,1437,9 2 4,41,2145059,96.23 122.48 182
2997,1391,1 12 6,41,2145039,89.87 130.43 183
2998,1415,5 3 11,41,2144969,93.05 123.27 187
2999,1432,8 5 2,41,2144941,95.44 124.86 180
3000,1407,4 6 8,41,2144612,92.25 125.66 185
3001,1401,3 4 13,41,2144599,91.46 124.07 189
3002,1404,3 10 5,41,2144599,91.46 128.84 182
3003,1400,3 10 4,41,2144599,91.46 128.84 182
3004,1414,5 9 2,41,2144599,93.05 128.04 180
3005,1451,11 2 1,41,2144572,97.82 122.48 179
3006,1425,7 2 8,41,2144378,94.64 122.48 185
3007,1421,6 5 6,41,2144345,93.85 124.86 183
3008,1383,0 9 12,41,2144192,89.07 128.04 188
3009,1419,6 0 13,41,2144121,93.85 120.89 189
3010,1396,2 7 11,41,2143905,90.66 126.45 187
3011,1428,7 8 0,41,2143625,94.64 127.25 178
3012,1389,1 11 7,41,2143610,89.87 129.63 184
3013,1397,2 15 0,41,2143400,90.66 132.82 178
3014,1431,8 4 3,41,2143119,95.44 124.07 181
3015,1413,5 8 3,41,2143119,93.05 127.25 181
3016,1402,3 9 6,41,2143072,91.46 128.04 183
3017,1438,9 1 6,41,2142840,96.23 121.68 183
3018,1445,10 4 0,41,2142724,97.03 124.07 178
3019,1409,4 5 10,41,2142557,92.25 124.86 186
3020,1406,4 5 9,41,2142557,92.25 124.86 186
3021,1449,11 1 2,41,2142550,97.82 121.68 180
3022,1396,2 14 1,41,2142535,90.66 132.02 179
3023,1413,5 2 12,41,2142527,93.05 122.48 188
3024,1419,6 4 7,41,2142330,93.85 124.07 184
3025,1382,0 8 13,41,2142208,89.07 127.25 189
3026,1426,7 7 1,41,2142195,94.64 126.45 179
3027,1402,3 3 15,41,2142126,91.46 123.27 190
3028,1399,3 3 14,41,2142126,91.46 123.27 190
3029,1388,1 10 8,41,2142037,89.87 128.84 185
3030,1427,7 1 10,41,2141969,94.64 121.68 186
3031,1424,7 1 9,41,2141969,94.64 121.68 186
3032,1409,4 12 0,41,2141824,92.25 130.43 178
3033,1395,2 6 12,41,2141813,90.66 125.66 188
3034,1395,2 13 2,41,2141525,90.66 131.22 180
3035,1415,5 7 5,41,2141491,93.05 126.45 182
3036,1412,5 7 4,41,2141491,93.05 126.45 182
3037,1401,3 8 7,41,2141399,91.46 127.25 184
3038,1382,0 15 3,41,2141287,89.07 132.82 181
3039,1433,8 3 5,41,2141146,95.44 123.27 182
3040,1429,8 3 4,41,2141146,95.44 123.27 182
3041,1444,10 3 1,41,2140949,97.03 123.27 179
3042,1408,4 11 1,41,2140723,92.25 129.63 179
3043,1425,7 6 2,41,2140614,94.64 125.66 180
3044,1437,9 0 7,41,2140468,96.23 120.89 184
3045,1448,11 0 3,41,2140371,97.82 120.89 181
3046,1394,2 12 3,41,2140371,90.66 130.43 181
3047,1407,4 4 11,41,2140356,92.25 124.07 187
3048,1390,1 9 10,41,2140322,89.87 128.04 186
3049,1387,1 9 9,41,2140322,89.87 128.04 186
3050,1384,0 14 5,41,2140225,89.07 132.02 182
3051,1381,0 14 4,41,2140225,89.07 132.02 182
3052,1418,6 3 8,41,2140165,93.85 123.27 185
3053,1383,0 7 15,41,2140083,89.07 126.45 190
3054,1380,0 7 14,41,2140083,89.07 126.45 190
3055,1412,5 1 13,41,2139937,93.05 121.68 189
3056,1413,5 6 6,41,2139715,93.05 125.66 183
3057,1400,3 7 8,41,2139580,91.46 126.45 185
3058,1393,2 5 13,41,2139578,90.66 124.86 189
3059,1406,4 10 2,41,2139476,92.25 128.84 180
3060,1425,7 0 11,41,2139410,94.64 120.89 187
3061,1462,13 0 0,41,2139122,99.41 120.89 178
3062,1396,2 11 5,41,2139073,90.66 129.63 182
3063,1393,2 11 4,41,2139073,90.66 129.63 182
3064,1431,8 2 6,41,2139020,95.44 122.48 183
3065,1383,0 13 6,41,2139020,89.07 131.22 183
3066,1442,10 2 2,41,2139020,97.03 122.48 180
3067,1420,6 9 0,41,2138896,93.85 128.04 178
3068,1424,7 5 3,41,2138883,94.64 124.86 181
3069,1438,9 5 0,41,2138784,96.23 124.86 178
3070,1388,1 8 11,41,2138464,89.87 127.25 187
3071,1405,4 9 3,41,2138082,92.25 128.04 181
3072,1406,4 3 12,41,2138008,92.25 123.27 188
3073,1419,6 2 10,41,2137852,93.85 122.48 186
3074,1416,6 2 9,41,2137852,93.85 122.48 186
3075,1412,5 5 7,41,2137791,93.05 124.86 184
3076,1381,0 12 7,41,2137674,89.07 130.43 184
3077,1394,2 10 6,41,2137631,90.66 128.84 183
3078,1401,3 6 10,41,2137616,91.46 125.66 186
3079,1398,3 6 9,41,2137616,91.46 125.66 186
3080,1419,6 8 1,41,2137553,93.85 127.25 179
3081,1413,5 0 15,41,2137199,93.05 120.89 190
3082,1410,5 0 14,41,2137199,93.05 120.89 190
3083,1395,2 4 15,41,2137199,90.66 124.07 190
3084,1392,2 4 14,41,2137199,90.66 124.07 190
3085,1437,9 4 1,41,2137100,96.23 124.07 179
3086,1425,7 4 5,41,2137001,94.64 124.07 182
3087,1422,7 4 4,41,2137001,94.64 124.07 182
3088,1441,10 1 3,41,2136937,97.03 121.68 181
3089,1429,8 1 7,41,2136743,95.44 121.68 184
3090,1407,4 8 5,41,2136541,92.25 127.25 182
3091,1404,4 8 4,41,2136541,92.25 127.25 182
3092,1388,1 15 1,41,2136534,89.87 132.82 179
3093,1387,1 7 12,41,2136463,89.87 126.45 188
3094,1401,3 13 0,41,2136307,91.46 131.22 178
3095,1380,0 11 8,41,2136187,89.07 129.63 185
3096,1417,6 7 2,41,2136060,93.85 126.45 180
3097,1393,2 9 7,41,2136045,90.66 128.04 184
3098,1455,12 1 0,41,2135969,98.62 121.68 178
3099,1410,5 4 8,41,2135719,93.05 124.07 185
3100,1387,1 14 2,41,2135605,89.87 132.02 180
3101,1404,4 2 13,41,2135514,92.25 122.48 189
3102,1400,3 5 11,41,2135507,91.46 124.86 187
3103,1418,6 1 11,41,2135389,93.85 121.68 187
3104,1400,3 12 1,41,2135289,91.46 130.43 179
3105,1435,9 3 2,41,2135263,96.23 123.27 180
3106,1424,7 3 6,41,2134969,94.64 123.27 183
3107,1406,4 7 6,41,2134853,92.25 126.45 183
3108,1442,10 0 5,41,2134699,97.03 120.89 182
3109,1439,10 0 4,41,2134699,97.03 120.89 182
3110,1431,8 6 0,41,2134618,95.44 125.66 178
3111,1382,0 10 10,41,2134557,89.07 128.84 186
3112,1379,0 10 9,41,2134557,89.07 128.84 186
3113,1386,1 13 3,41,2134533,89.87 131.22 181
3114,1416,6 6 3,41,2134418,93.85 125.66 181
3115,1385,1 6 13,41,2134318,89.87 125.66 189
3116,1428,8 0 8,41,2134315,95.44 120.89 185
3117,1392,2 8 8,41,2134315,90.66 127.25 185
3118,1399,3 11 2,41,2134125,91.46 129.63 180
3119,1412,5 10 0,41,2133943,93.05 128.84 178
3120,1453,12 0 1,41,2133930,98.62 120.89 179
3121,1412,5 3 10,41,2133499,93.05 123.27 186
3122,1409,5 3 9,41,2133499,93.05 123.27 186
3123,1388,1 12 5,41,2133318,89.87 130.43 182
3124,1385,1 12 4,41,2133318,89.87 130.43 182
3125,1434,9 2 3,41,2133273,96.23 122.48 181
3126,1398,3 4 12,41,2133252,91.46 124.07 188
3127,1429,8 5 1,41,2133024,95.44 124.86 179
3128,1404,4 6 7,41,2133019,92.25 125.66 184
3129,1405,4 1 15,41,2132872,92.25 121.68 190
3130,1403,4 1 14,41,2132872,92.25 121.68 190
3131,1397,3 10 3,41,2132816,91.46 128.84 181
3132,1380,0 9 11,41,2132786,89.07 128.04 187
3133,1422,7 2 7,41,2132786,94.64 122.48 184
3134,1416,6 0 12,41,2132776,93.85 120.89 188
3135,1411,5 9 1,41,2132685,93.05 128.04 179
3136,1418,6 5 5,41,2132627,93.85 124.86 182
3137,1415,6 5 4,41,2132627,93.85 124.86 182
3138,1448,11 2 0,41,2132592,97.82 122.48 178
3139,1393,2 7 10,41,2132440,90.66 126.45 186
3140,1390,2 7 9,41,2132440,90.66 126.45 186
3141,1387,1 5 15,41,2132031,89.87 124.86 190
3142,1384,1 5 14,41,2132031,89.87 124.86 190
3143,1386,1 11 6,41,2131960,89.87 129.63 183
3144,1399,3 9 5,41,2131361,91.46 128.04 182
3145,1396,3 9 4,41,2131361,91.46 128.04 182
3146,1428,8 4 2,41,2131279,95.44 124.07 180
3147,1410,5 8 2,41,2131279,93.05 127.25 180
3148,1410,5 2 11,41,2131131,93.05 122.48 187
3149,1435,9 1 5,41,2131131,96.23 121.68 182
3150,1432,9 1 4,41,2131131,96.23 121.68 182
3151,1403,4 5 8,41,2131038,92.25 124.86 185
3152,1379,0 8 12,41,2130874,89.07 127.25 188
3153,1397,3 3 13,41,2130852,91.46 123.27 189
3154,1416,6 4 6,41,2130687,93.85 124.07 183
3155,1446,11 1 1,41,2130647,97.82 121.68 179
3156,1393,2 14 0,41,2130565,90.66 132.02 178
3157,1385,1 10 7,41,2130459,89.87 128.84 184
3158,1421,7 1 8,41,2130453,94.64 121.68 185
3159,1392,2 6 11,41,2130421,90.66 125.66 187
3160,1423,7 7 0,41,2130227,94.64 126.45 178
3161,1398,3 8 6,41,2129761,91.46 127.25 183
3162,1409,5 7 3,41,2129724,93.05 126.45 181
3163,1392,2 13 1,41,2129628,90.66 131.22 179
3164,1379,0 15 2,41,2129457,89.07 132.82 180
3165,1426,8 3 3,41,2129381,95.44 123.27 181
3166,1441,10 3 0,41,2128989,97.03 123.27 178
3167,1404,4 4 10,41,2128910,92.25 124.07 186
3168,1401,4 4 9,41,2128910,92.25 124.07 186
3169,1434,9 0 6,41,2128835,96.23 120.89 183
3170,1378,0 7 13,41,2128819,89.07 126.45 189
3171,1384,1 9 8,41,2128815,89.87 128.04 185
3172,1405,4 11 0,41,2128764,92.25 129.63 178
3173,1422,7 6 1,41,2128722,94.64 125.66 179
3174,1409,5 1 12,41,2128614,93.05 121.68 188
3175,1415,6 3 7,41,2128597,93.85 123.27 184
3176,1445,11 0 2,41,2128546,97.82 120.89 180
3177,1391,2 12 2,41,2128546,90.66 130.43 180
3178,1378,0 14 3,41,2128465,89.07 132.02 181
3179,1398,3 2 15,41,2128306,91.46 122.48 190
3180,1395,3 2 14,41,2128306,91.46 122.48 190
3181,1390,2 5 12,41,2128258,90.66 124.86 188
3182,1410,5 6 5,41,2128022,93.05 125.66 182
3183,1407,5 6 4,41,2128022,93.05 125.66 182
3184,1397,3 7 7,41,2128015,91.46 126.45 184
3185,1422,7 0 10,41,2127969,94.64 120.89 186
3186,1419,7 0 9,41,2127969,94.64 120.89 186
3187,1403,4 10 1,41,2127590,92.25 128.84 179
3188,1428,8 2 5,41,2127332,95.44 122.48 182
3189,1425,8 2 4,41,2127332,95.44 122.48 182
3190,1380,0 13 5,41,2127332,89.07 131.22 182
3191,1377,0 13 4,41,2127332,89.07 131.22 182
3192,1390,2 11 3,41,2127320,90.66 129.63 181
3193,1439,10 2 1,41,2127137,97.03 122.48 179
3194,1420,7 5 2,41,2127066,94.64 124.86 180
3195,1385,1 8 10,41,2127028,89.87 127.25 186
3196,1382,1 8 9,41,2127028,89.87 127.25 186
3197,1403,4 3 11,41,2126636,92.25 123.27 187
3198,1379,0 6 15,41,2126623,89.07 125.66 190
3199,1376,0 6 14,41,2126623,89.07 125.66 190
3200,1413,6 2 8,41,2126358,93.85 122.48 185
3201,1402,4 9 2,41,2126269,92.25 128.04 180
3202,1409,5 5 6,41,2126172,93.05 124.86 183
3203,1395,3 6 8,41,2126124,91.46 125.66 185
3204,1378,0 12 6,41,2126057,89.07 130.43 183
3205,1407,5 0 13,41,2125950,93.05 120.89 189
3206,1389,2 4 13,41,2125950,90.66 124.07 189
3207,1391,2 10 5,41,2125950,90.66 128.84 182
3208,1388,2 10 4,41,2125950,90.66 128.84 182
3209,1416,6 8 0,41,2125611,93.85 127.25 178
3210,1419,7 4 3,41,2125260,94.64 124.07 181
3211,1433,9 4 0,41,2125161,96.23 124.07 178
3212,1426,8 1 6,41,2125131,95.44 121.68 183
3213,1438,10 1 2,41,2125131,97.03 121.68 180
3214,1384,1 7 11,41,2125098,89.87 126.45 187
3215,1401,4 8 3,41,2124802,92.25 127.25 181
3216,1377,0 11 7,41,2124640,89.07 129.63 184
3217,1385,1 15 0,41,2124598,89.87 132.82 178
3218,1390,2 9 6,41,2124436,90.66 128.04 183
3219,1401,4 2 12,41,2124215,92.25 122.48 188
3220,1414,6 7 1,41,2124193,93.85 126.45 179
3221,1407,5 4 7,41,2124174,93.05 124.07 184
3222,1397,3 5 10,41,2124087,91.46 124.86 186
3223,1394,3 5 9,41,2124087,91.46 124.86 186
3224,1415,6 1 10,41,2123969,93.85 121.68 186
3225,1412,6 1 9,41,2123969,93.85 121.68 186
3226,1384,1 14 1,41,2123740,89.87 132.02 179
3227,1390,2 3 15,41,2123499,90.66 123.27 190
3228,1387,2 3 14,41,2123499,90.66 123.27 190
3229,1432,9 3 1,41,2123401,96.23 123.27 179
3230,1397,3 12 0,41,2123360,91.46 130.43 178
3231,1421,7 3 5,41,2123303,94.64 123.27 182
3232,1418,7 3 4,41,2123303,94.64 123.27 182
3233,1403,4 7 5,41,2123188,92.25 126.45 182
3234,1400,4 7 4,41,2123188,92.25 126.45 182
3235,1376,0 10 8,41,2123081,89.07 128.84 185
3236,1383,1 6 12,41,2123026,89.87 125.66 188
3237,1436,10 0 3,41,2122970,97.03 120.89 181
3238,1425,8 0 7,41,2122778,95.44 120.89 184
3239,1389,2 8 7,41,2122778,90.66 127.25 184
3240,1383,1 13 2,41,2122740,89.87 131.22 180
3241,1413,6 6 2,41,2122626,93.85 125.66 180
3242,1396,3 11 1,41,2122269,91.46 129.63 179
3243,1406,5 3 8,41,2122028,93.05 123.27 185
3244,1450,12 0 0,41,2122009,98.62 120.89 178
3245,1395,3 4 11,41,2121905,91.46 124.07 187
3246,1400,4 1 13,41,2121647,92.25 121.68 189
3247,1382,1 12 3,41,2121596,89.87 130.43 181
3248,1430,9 2 2,41,2121487,96.23 122.48 180
3249,1413,6 0 11,41,2121432,93.85 120.89 187
3250,1401,4 6 6,41,2121427,92.25 125.66 183
3251,1377,0 9 10,41,2121381,89.07 128.04 186
3252,1374,0 9 9,41,2121381,89.07 128.04 186
3253,1419,7 2 6,41,2121195,94.64 122.48 183
3254,1426,8 5 0,41,2121108,95.44 124.86 178
3255,1394,3 10 2,41,2121032,91.46 128.84 180
3256,1387,2 7 8,41,2120975,90.66 126.45 185
3257,1412,6 5 3,41,2120909,93.85 124.86 181
3258,1381,1 5 13,41,2120810,89.87 124.86 189
3259,1408,5 9 0,41,2120770,93.05 128.04 178
3260,1383,1 11 5,41,2120310,89.87 129.63 182
3261,1380,1 11 4,41,2120310,89.87 129.63 182
3262,1407,5 2 10,41,2119734,93.05 122.48 186
3263,1404,5 2 9,41,2119734,93.05 122.48 186
3264,1393,3 9 3,41,2119650,91.46 128.04 181
3265,1394,3 3 12,41,2119577,91.46 123.27 188
3266,1376,0 8 11,41,2119539,89.07 127.25 187
3267,1400,4 5 7,41,2119519,92.25 124.86 184
3268,1425,8 4 1,41,2119438,95.44 124.07 179
3269,1407,5 8 1,41,2119438,93.05 127.25 179
3270,1429,9 1 3,41,2119421,96.23 121.68 181
3271,1413,6 4 5,41,2119043,93.85 124.07 182
3272,1410,6 4 4,41,2119043,93.85 124.07 182
3273,1389,2 6 10,41,2119028,90.66 125.66 186
3274,1386,2 6 9,41,2119028,90.66 125.66 186
3275,1418,7 1 7,41,2118937,94.64 121.68 184
3276,1401,4 0 15,41,2118932,92.25 120.89 190
3277,1398,4 0 14,41,2118932,92.25 120.89 190
3278,1382,1 10 6,41,2118880,89.87 128.84 183
3279,1443,11 1 0,41,2118744,97.82 121.68 178
3280,1382,1 4 15,41,2118451,89.87 124.07 190
3281,1380,1 4 14,41,2118451,89.87 124.07 190
3282,1395,3 8 5,41,2118122,91.46 127.25 182
3283,1392,3 8 4,41,2118122,91.46 127.25 182
3284,1405,5 7 2,41,2117958,93.05 126.45 180
3285,1389,2 13 0,41,2117730,90.66 131.22 178
3286,1376,0 15 1,41,2117627,89.07 132.82 179
3287,1423,8 3 2,41,2117616,95.44 123.27 180
3288,1375,0 7 12,41,2117556,89.07 126.45 188
3289,1398,4 4 8,41,2117465,92.25 124.07 185
3290,1381,1 9 7,41,2117308,89.87 128.04 184
3291,1406,5 1 11,41,2117292,93.05 121.68 187
3292,1430,9 0 5,41,2117202,96.23 120.89 182
3293,1427,9 0 4,41,2117202,96.23 120.89 182
3294,1392,3 2 13,41,2117104,91.46 122.48 189
3295,1412,6 3 6,41,2117028,93.85 123.27 183
3296,1387,2 5 11,41,2116937,90.66 124.86 187
3297,1419,7 6 0,41,2116830,94.64 125.66 178
3298,1441,11 0 1,41,2116721,97.82 120.89 179
3299,1388,2 12 1,41,2116721,90.66 130.43 179
3300,1375,0 14 2,41,2116706,89.07 132.02 180
3301,1416,7 0 8,41,2116529,94.64 120.89 185
3302,1394,3 7 6,41,2116450,91.46 126.45 183
3303,1404,5 6 3,41,2116330,93.05 125.66 181
3304,1400,4 10 0,41,2115704,92.25 128.84 178
3305,1422,8 2 3,41,2115643,95.44 122.48 181
3306,1374,0 13 3,41,2115643,89.07 131.22 181
3307,1379,1 8 8,41,2115592,89.87 127.25 185
3308,1386,2 11 2,41,2115567,90.66 129.63 180
3309,1373,0 6 13,41,2115431,89.07 125.66 189
3310,1400,4 3 10,41,2115264,92.25 123.27 186
3311,1397,4 3 9,41,2115264,92.25 123.27 186
3312,1436,10 2 0,41,2115253,97.03 122.48 178
3313,1417,7 5 1,41,2115249,94.64 124.86 179
3314,1410,6 2 7,41,2114864,93.85 122.48 184
3315,1404,5 0 12,41,2114702,93.05 120.89 188
3316,1386,2 4 12,41,2114702,90.66 124.07 188
3317,1392,3 6 7,41,2114631,91.46 125.66 184
3318,1406,5 5 5,41,2114554,93.05 124.86 182
3319,1403,5 5 4,41,2114554,93.05 124.86 182
3320,1393,3 1 15,41,2114486,91.46 121.68 190
3321,1390,3 1 14,41,2114486,91.46 121.68 190
3322,1399,4 9 1,41,2114457,92.25 128.04 179
3323,1375,0 12 5,41,2114439,89.07 130.43 182
3324,1372,0 12 4,41,2114439,89.07 130.43 182
3325,1385,2 10 3,41,2114269,90.66 128.84 181
3326,1381,1 7 10,41,2113734,89.87 126.45 186
3327,1378,1 7 9,41,2113734,89.87 126.45 186
3328,1423,8 1 5,41,2113518,95.44 121.68 182
3329,1420,8 1 4,41,2113518,95.44 121.68 182
3330,1416,7 4 2,41,2113518,94.64 124.07 180
3331,1434,10 1 1,41,2113324,97.03 121.68 179
3332,1375,0 5 15,41,2113164,89.07 124.86 190
3333,1372,0 5 14,41,2113164,89.07 124.86 190
3334,1374,0 11 6,41,2113093,89.07 129.63 183
3335,1398,4 8 2,41,2113062,92.25 127.25 180
3336,1398,4 2 11,41,2112916,92.25 122.48 187
3337,1387,2 9 5,41,2112827,90.66 128.04 182
3338,1384,2 9 4,41,2112827,90.66 128.04 182
3339,1391,3 5 8,41,2112667,91.46 124.86 185
3340,1404,5 4 6,41,2112630,93.05 124.07 183
3341,1409,6 1 8,41,2112550,93.85 121.68 185
3342,1411,6 7 0,41,2112326,93.85 126.45 178
3343,1384,2 3 13,41,2112322,90.66 123.27 189
3344,1381,1 14 0,41,2111876,89.87 132.02 178
3345,1380,1 6 11,41,2111733,89.87 125.66 187
3346,1414,7 3 3,41,2111636,94.64 123.27 181
3347,1373,0 10 7,41,2111605,89.07 128.84 184
3348,1429,9 3 0,41,2111538,96.23 123.27 178
3349,1396,4 7 3,41,2111522,92.25 126.45 181
3350,1422,8 0 6,41,2111241,95.44 120.89 183
3351,1386,2 8 6,41,2111241,90.66 127.25 183
3352,1433,10 0 2,41,2111241,97.03 120.89 180
3353,1380,1 13 1,41,2110947,89.87 131.22 179
3354,1410,6 6 1,41,2110834,93.85 125.66 179
3355,1392,3 4 10,41,2110558,91.46 124.07 186
3356,1389,3 4 9,41,2110558,91.46 124.07 186
3357,1403,5 3 7,41,2110558,93.05 123.27 184
3358,1397,4 1 12,41,2110421,92.25 121.68 188
3359,1392,3 11 0,41,2110412,91.46 129.63 178
3360,1410,6 0 10,41,2110087,93.85 120.89 186
3361,1407,6 0 9,41,2110087,93.85 120.89 186
3362,1372,0 9 8,41,2109976,89.07 128.04 185
3363,1379,1 12 2,41,2109875,89.87 130.43 180
3364,1398,4 6 5,41,2109834,92.25 125.66 182
3365,1395,4 6 4,41,2109834,92.25 125.66 182
3366,1386,2 2 15,41,2109799,90.66 122.48 190
3367,1383,2 2 14,41,2109799,90.66 122.48 190
3368,1427,9 2 1,41,2109701,96.23 122.48 179
3369,1416,7 2 5,41,2109604,94.64 122.48 182
3370,1413,7 2 4,41,2109604,94.64 122.48 182
3371,1378,1 5 12,41,2109589,89.87 124.86 188
3372,1384,2 7 7,41,2109510,90.66 126.45 184
3373,1391,3 10 1,41,2109248,91.46 128.84 179
3374,1408,6 5 2,41,2109192,93.85 124.86 180
3375,1377,1 11 3,41,2108660,89.87 129.63 181
3376,1401,5 2 8,41,2108338,93.05 122.48 185
3377,1391,3 3 11,41,2108303,91.46 123.27 187
3378,1373,0 8 10,41,2108205,89.07 127.25 186
3379,1370,0 8 9,41,2108205,89.07 127.25 186
3380,1397,4 5 6,41,2108000,92.25 124.86 183
3381,1390,3 9 2,41,2107939,91.46 128.04 180
3382,1395,4 0 13,41,2107780,92.25 120.89 189
3383,1426,9 1 2,41,2107712,96.23 121.68 180
3384,1383,2 6 8,41,2107636,90.66 125.66 185
3385,1421,8 4 0,41,2107598,95.44 124.07 178
3386,1404,5 8 0,41,2107598,93.05 127.25 178
3387,1415,7 1 6,41,2107421,94.64 121.68 183
3388,1407,6 4 3,41,2107400,93.85 124.07 181
3389,1377,1 4 13,41,2107302,89.87 124.07 189
3390,1379,1 10 5,41,2107302,89.87 128.84 182
3391,1376,1 10 4,41,2107302,89.87 128.84 182
3392,1389,3 8 3,41,2106484,91.46 127.25 181
3393,1372,0 7 11,41,2106292,89.07 126.45 187
3394,1402,5 7 1,41,2106192,93.05 126.45 179
3395,1395,4 4 7,41,2106019,92.25 124.07 184
3396,1403,5 1 10,41,2105970,93.05 121.68 186
3397,1400,5 1 9,41,2105970,93.05 121.68 186
3398,1389,3 2 12,41,2105903,91.46 122.48 188
3399,1420,8 3 1,41,2105852,95.44 123.27 179
3400,1378,1 9 6,41,2105801,89.87 128.04 183
3401,1373,0 15 0,41,2105796,89.07 132.82 178
3402,1385,2 5 10,41,2105617,90.66 124.86 186
3403,1382,2 5 9,41,2105617,90.66 124.86 186
3404,1424,9 0 3,41,2105569,96.23 120.89 181
3405,1409,6 3 5,41,2105460,93.85 123.27 182
3406,1406,6 3 4,41,2105460,93.85 123.27 182
3407,1413,7 0 7,41,2105088,94.64 120.89 184
3408,1372,0 14 1,41,2104946,89.07 132.02 179
3409,1438,11 0 0,41,2104896,97.82 120.89 178
3410,1385,2 12 0,41,2104896,90.66 130.43 178
3411,1390,3 7 5,41,2104884,91.46 126.45 182
3412,1387,3 7 4,41,2104884,91.46 126.45 182
3413,1378,1 3 15,41,2104872,89.87 123.27 190
3414,1375,1 3 14,41,2104872,89.87 123.27 190
3415,1401,5 6 2,41,2104638,93.05 125.66 180
3416,1370,0 6 12,41,2104238,89.07 125.66 188
3417,1377,1 8 7,41,2104157,89.87 127.25 184
3418,1419,8 2 2,41,2103954,95.44 122.48 180
3419,1370,0 13 2,41,2103954,89.07 131.22 180
3420,1394,4 3 8,41,2103891,92.25 123.27 185
3421,1383,2 11 1,41,2103814,90.66 129.63 179
3422,1401,5 0 11,41,2103454,93.05 120.89 187
3423,1383,2 4 11,41,2103454,90.66 124.07 187
3424,1414,7 5 0,41,2103432,94.64 124.86 178
3425,1407,6 2 6,41,2103370,93.85 122.48 183
3426,1388,3 1 13,41,2103357,91.46 121.68 189
3427,1389,3 6 6,41,2103139,91.46 125.66 183
3428,1400,5 5 3,41,2102935,93.05 124.86 181
3429,1369,0 12 3,41,2102821,89.07 130.43 181
3430,1396,4 9 0,41,2102644,92.25 128.04 178
3431,1382,2 10 2,41,2102588,90.66 128.84 180
3432,1375,1 7 8,41,2102370,89.87 126.45 185
3433,1369,0 5 13,41,2102042,89.07 124.86 189
3434,1417,8 1 3,41,2101905,95.44 121.68 181
3435,1413,7 4 1,41,2101776,94.64 124.07 179
3436,1395,4 2 10,41,2101617,92.25 122.48 186
3437,1392,4 2 9,41,2101617,92.25 122.48 186
3438,1371,0 11 5,41,2101546,89.07 129.63 182
3439,1368,0 11 4,41,2101546,89.07 129.63 182
3440,1431,10 1 0,41,2101518,97.03 121.68 178
3441,1395,4 8 1,41,2101323,92.25 127.25 179
3442,1388,3 5 7,41,2101247,91.46 124.86 184
3443,1381,2 9 3,41,2101218,90.66 128.04 181
3444,1381,2 3 12,41,2101146,90.66 123.27 188
3445,1406,6 1 7,41,2101131,93.85 121.68 184
3446,1401,5 4 5,41,2101085,93.05 124.07 182
3447,1398,5 4 4,41,2101085,93.05 124.07 182
3448,1389,3 0 15,41,2100665,91.46 120.89 190
3449,1386,3 0 14,41,2100665,91.46 120.89 190
3450,1377,1 6 10,41,2100440,89.87 125.66 186
3451,1374,1 6 9,41,2100440,89.87 125.66 186
3452,1370,0 10 6,41,2100129,89.07 128.84 183
3453,1411,7 3 2,41,2099970,94.64 123.27 180
3454,1393,4 7 2,41,2099856,92.25 126.45 180
3455,1370,0 4 15,41,2099704,89.07 124.07 190
3456,1367,0 4 14,41,2099704,89.07 124.07 190
3457,1419,8 0 5,41,2099704,95.44 120.89 182
3458,1416,8 0 4,41,2099704,95.44 120.89 182
3459,1383,2 8 5,41,2099704,90.66 127.25 182
3460,1380,2 8 4,41,2099704,90.66 127.25 182
3461,1430,10 0 1,41,2099512,97.03 120.89 179
3462,1386,3 4 8,41,2099211,91.46 124.07 185
3463,1394,4 1 11,41,2099196,92.25 121.68 187
3464,1377,1 13 0,41,2099154,89.87 131.22 178
3465,1400,5 3 6,41,2099087,93.05 123.27 183
3466,1407,6 6 0,41,2099041,93.85 125.66 178
3467,1404,6 0 8,41,2098743,93.85 120.89 185
3468,1380,2 2 13,41,2098695,90.66 122.48 189
3469,1369,0 9 7,41,2098571,89.07 128.04 184
3470,1375,1 5 11,41,2098368,89.87 124.86 187
3471,1392,4 6 3,41,2098242,92.25 125.66 181
3472,1375,1 12 1,41,2098153,89.87 130.43 179
3473,1381,2 7 6,41,2098046,90.66 126.45 183
3474,1410,7 2 3,41,2098013,94.64 122.48 181
3475,1424,9 2 0,41,2097915,96.23 122.48 178
3476,1405,6 5 1,41,2097474,93.85 124.86 179
3477,1388,3 10 0,41,2097465,91.46 128.84 178
3478,1388,3 3 10,41,2097029,91.46 123.27 186
3479,1385,3 3 9,41,2097029,91.46 123.27 186
3480,1374,1 11 2,41,2097010,89.87 129.63 180
3481,1398,5 2 7,41,2096941,93.05 122.48 184
3482,1367,0 8 8,41,2096870,89.07 127.25 185
3483,1392,4 0 12,41,2096628,92.25 120.89 188
3484,1394,4 5 5,41,2096481,92.25 124.86 182
3485,1391,4 5 4,41,2096481,92.25 124.86 182
3486,1380,2 6 7,41,2096243,90.66 125.66 184
3487,1387,3 9 1,41,2096228,91.46 128.04 179
3488,1374,1 4 12,41,2096152,89.87 124.07 188
3489,1381,2 1 15,41,2096099,90.66 121.68 190
3490,1378,2 1 14,41,2096099,90.66 121.68 190
3491,1423,9 1 1,41,2096002,96.23 121.68 179
3492,1411,7 1 5,41,2095905,94.64 121.68 182
3493,1408,7 1 4,41,2095905,94.64 121.68 182
3494,1404,6 4 2,41,2095757,93.85 124.07 180
3495,1373,1 10 3,41,2095723,89.87 128.84 181
3496,1369,0 7 10,41,2095029,89.07 126.45 186
3497,1366,0 7 9,41,2095029,89.07 126.45 186
3498,1386,3 8 2,41,2094846,91.46 127.25 180
3499,1386,3 2 11,41,2094701,91.46 122.48 187
3500,1397,5 1 8,41,2094647,93.05 121.68 185
3501,1392,4 4 6,41,2094573,92.25 124.07 183
3502,1399,5 7 0,41,2094425,93.05 126.45 178
3503,1379,2 5 8,41,2094296,90.66 124.86 185
3504,1375,1 9 5,41,2094294,89.87 128.04 182
3505,1372,1 9 4,41,2094294,89.87 128.04 182
3506,1417,8 3 0,41,2094087,95.44 123.27 178
3507,1421,9 0 2,41,2093936,96.23 120.89 180
3508,1403,6 3 3,41,2093891,93.85 123.27 181
3509,1372,1 3 13,41,2093793,89.87 123.27 189
3510,1410,7 0 6,41,2093647,94.64 120.89 183
3511,1384,3 7 3,41,2093319,91.46 126.45 181
3512,1369,0 14 0,41,2093187,89.07 132.02 178
3513,1367,0 6 11,41,2093045,89.07 125.66 187
3514,1398,5 6 1,41,2092945,93.05 125.66 179
3515,1374,1 8 6,41,2092721,89.87 127.25 183
3516,1391,4 3 7,41,2092519,92.25 123.27 184
3517,1415,8 2 1,41,2092266,95.44 122.48 179
3518,1367,0 13 1,41,2092266,89.07 131.22 179
3519,1385,3 1 12,41,2092228,91.46 121.68 188
3520,1398,5 0 10,41,2092205,93.05 120.89 186
3521,1395,5 0 9,41,2092205,93.05 120.89 186
3522,1380,2 4 10,41,2092205,90.66 124.07 186
3523,1377,2 4 9,41,2092205,90.66 124.07 186
3524,1380,2 11 0,41,2092061,90.66 129.63 178
3525,1404,6 2 5,41,2091876,93.85 122.48 182
3526,1401,6 2 4,41,2091876,93.85 122.48 182
3527,1386,3 6 5,41,2091646,91.46 125.66 182
3528,1383,3 6 4,41,2091646,91.46 125.66 182
3529,1397,5 5 2,41,2091317,93.05 124.86 180
3530,1374,1 2 15,41,2091292,89.87 122.48 190
3531,1371,1 2 14,41,2091292,89.87 122.48 190
3532,1366,0 12 2,41,2091203,89.07 130.43 180
3533,1372,1 7 7,41,2091006,89.87 126.45 184
3534,1366,0 5 12,41,2090920,89.07 124.86 188
3535,1379,2 10 1,41,2090907,90.66 128.84 179
3536,1389,4 2 8,41,2090318,92.25 122.48 185
3537,1414,8 1 2,41,2090292,95.44 121.68 180
3538,1410,7 4 0,41,2090034,94.64 124.07 178
3539,1365,0 11 3,41,2089999,89.07 129.63 181
3540,1379,2 3 11,41,2089970,90.66 123.27 187
3541,1385,3 5 6,41,2089828,91.46 124.86 183
3542,1403,6 1 6,41,2089712,93.85 121.68 183
3543,1383,3 0 13,41,2089609,91.46 120.89 189
3544,1378,2 9 2,41,2089609,90.66 128.04 180
3545,1392,4 8 0,41,2089584,92.25 127.25 178
3546,1395,5 4 3,41,2089541,93.05 124.07 181
3547,1371,1 6 8,41,2089148,89.87 125.66 185
3548,1364,0 4 13,41,2088653,89.07 124.07 189
3549,1367,0 10 5,41,2088653,89.07 128.84 182
3550,1364,0 10 4,41,2088653,89.07 128.84 182
3551,1408,7 3 1,41,2088303,94.64 123.27 179
3552,1390,4 7 1,41,2088190,92.25 126.45 179
3553,1412,8 0 3,41,2088167,95.44 120.89 181
3554,1377,2 8 3,41,2088167,90.66 127.25 181
3555,1391,4 1 10,41,2087970,92.25 121.68 186
3556,1388,4 1 9,41,2087970,92.25 121.68 186
3557,1383,3 4 7,41,2087864,91.46 124.07 184
3558,1427,10 0 0,41,2087783,97.03 120.89 178
3559,1397,5 3 5,41,2087617,93.05 123.27 182
3560,1394,5 3 4,41,2087617,93.05 123.27 182
3561,1377,2 2 12,41,2087590,90.66 122.48 188
3562,1401,6 0 7,41,2087398,93.85 120.89 184
3563,1366,0 9 6,41,2087165,89.07 128.04 183
3564,1372,1 5 10,41,2087146,89.87 124.86 186
3565,1369,1 5 9,41,2087146,89.87 124.86 186
3566,1389,4 6 2,41,2086649,92.25 125.66 180
3567,1378,2 7 5,41,2086581,90.66 126.45 182
3568,1375,2 7 4,41,2086581,90.66 126.45 182
3569,1372,1 12 0,41,2086432,89.87 130.43 178
3570,1407,7 2 2,41,2086421,94.64 122.48 180
3571,1366,0 3 15,41,2086244,89.07 123.27 190
3572,1363,0 3 14,41,2086244,89.07 123.27 190
3573,1402,6 5 0,41,2085756,93.85 124.86 178
3574,1382,3 3 8,41,2085754,91.46 123.27 185
3575,1395,5 2 6,41,2085545,93.05 122.48 183
3576,1364,0 8 7,41,2085536,89.07 127.25 184
3577,1389,4 0 11,41,2085475,92.25 120.89 187
3578,1371,1 11 1,41,2085360,89.87 129.63 179
3579,1375,2 1 13,41,2085067,90.66 121.68 189
3580,1371,1 4 11,41,2085002,89.87 124.07 187
3581,1388,4 5 3,41,2084962,92.25 124.86 181
3582,1377,2 6 6,41,2084850,90.66 125.66 183
3583,1384,3 9 0,41,2084518,91.46 128.04 178
3584,1405,7 1 3,41,2084389,94.64 121.68 181
3585,1419,9 1 0,41,2084292,96.23 121.68 178
3586,1370,1 10 2,41,2084144,89.87 128.84 180
3587,1401,6 4 1,41,2084114,93.85 124.07 179
3588,1363,0 7 8,41,2083765,89.07 126.45 185
3589,1383,3 2 10,41,2083499,91.46 122.48 186
3590,1380,3 2 9,41,2083499,91.46 122.48 186
3591,1394,5 1 7,41,2083325,93.05 121.68 184
3592,1383,3 8 1,41,2083208,91.46 127.25 179
3593,1389,4 4 5,41,2083127,92.25 124.07 182
3594,1386,4 4 4,41,2083127,92.25 124.07 182
3595,1376,2 5 7,41,2082976,90.66 124.86 184
3596,1369,1 9 3,41,2082787,89.87 128.04 181
3597,1369,1 3 12,41,2082715,89.87 123.27 188
3598,1377,2 0 15,41,2082399,90.66 120.89 190
3599,1374,2 0 14,41,2082399,90.66 120.89 190
3600,1399,6 3 2,41,2082323,93.85 123.27 180
3601,1418,9 0 1,41,2082303,96.23 120.89 179
3602,1407,7 0 5,41,2082207,94.64 120.89 182
3603,1404,7 0 4,41,2082207,94.64 120.89 182
3604,1365,0 6 10,41,2081852,89.07 125.66 186
3605,1362,0 6 9,41,2081852,89.07 125.66 186
3606,1381,3 7 2,41,2081754,91.46 126.45 180
3607,1371,1 8 5,41,2081286,89.87 127.25 182
3608,1368,1 8 4,41,2081286,89.87 127.25 182
3609,1395,5 6 0,41,2081253,93.05 125.66 178
3610,1388,4 3 6,41,2081146,92.25 123.27 183
3611,1382,3 1 11,41,2081099,91.46 121.68 187
3612,1392,5 0 8,41,2080957,93.05 120.89 185
3613,1374,2 4 8,41,2080957,90.66 124.07 185
3614,1412,8 2 0,41,2080577,95.44 122.48 178
3615,1364,0 13 0,41,2080577,89.07 131.22 178
3616,1398,6 2 3,41,2080382,93.85 122.48 181
3617,1368,1 2 13,41,2080285,89.87 122.48 189
3618,1380,3 6 3,41,2080153,91.46 125.66 181
3619,1363,0 5 11,41,2079798,89.07 124.86 187
3620,1393,5 5 1,41,2079699,93.05 124.86 179
3621,1369,1 7 6,41,2079642,89.87 126.45 183
3622,1363,0 12 1,41,2079585,89.07 130.43 179
3623,1376,2 10 0,41,2079226,90.66 128.84 178
3624,1386,4 2 7,41,2079019,92.25 122.48 184
3625,1376,2 3 10,41,2078794,90.66 123.27 186
3626,1373,2 3 9,41,2078794,90.66 123.27 186
3627,1411,8 1 1,41,2078680,95.44 121.68 179
3628,1380,3 0 12,41,2078553,91.46 120.89 188
3629,1362,0 11 2,41,2078452,89.07 129.63 180
3630,1382,3 5 5,41,2078408,91.46 124.86 182
3631,1379,3 5 4,41,2078408,91.46 124.86 182
3632,1400,6 1 5,41,2078293,93.85 121.68 182
3633,1397,6 1 4,41,2078293,93.85 121.68 182
3634,1375,2 9 1,41,2078000,90.66 128.04 179
3635,1392,5 4 2,41,2077997,93.05 124.07 180
3636,1368,1 6 7,41,2077855,89.87 125.66 184
3637,1369,1 1 15,41,2077712,89.87 121.68 190
3638,1366,1 1 14,41,2077712,89.87 121.68 190
3639,1362,0 4 12,41,2077602,89.07 124.07 188
3640,1361,0 10 3,41,2077177,89.07 128.84 181
3641,1385,4 1 8,41,2076744,92.25 121.68 185
3642,1405,7 3 0,41,2076637,94.64 123.27 178
3643,1409,8 0 2,41,2076630,95.44 120.89 180
3644,1374,2 8 2,41,2076630,90.66 127.25 180
3645,1387,4 7 0,41,2076524,92.25 126.45 178
3646,1380,3 4 6,41,2076517,91.46 124.07 183
3647,1374,2 2 11,41,2076486,90.66 122.48 187
3648,1391,5 3 3,41,2076146,93.05 123.27 181
3649,1398,6 0 6,41,2076054,93.85 120.89 183
3650,1366,1 5 8,41,2075925,89.87 124.86 185
3651,1363,0 9 5,41,2075760,89.07 128.04 182
3652,1360,0 9 4,41,2075760,89.07 128.04 182
3653,1360,0 3 13,41,2075264,89.07 123.27 189
3654,1372,2 7 3,41,2075116,90.66 126.45 181
3655,1386,4 6 1,41,2075057,92.25 125.66 179
3656,1404,7 2 1,41,2074830,94.64 122.48 179
3657,1379,3 3 7,41,2074480,91.46 123.27 184
3658,1386,4 0 10,41,2074323,92.25 120.89 186
3659,1383,4 0 9,41,2074323,92.25 120.89 186
3660,1361,0 8 6,41,2074202,89.07 127.25 183
3661,1392,5 2 5,41,2074148,93.05 122.48 182
3662,1389,5 2 4,41,2074148,93.05 122.48 182
3663,1373,2 1 12,41,2074035,90.66 121.68 188
3664,1368,1 4 10,41,2073852,89.87 124.07 186
3665,1365,1 4 9,41,2073852,89.87 124.07 186
3666,1368,1 11 0,41,2073709,89.87 129.63 178
3667,1374,2 6 5,41,2073458,90.66 125.66 182
3668,1371,2 6 4,41,2073458,90.66 125.66 182
3669,1385,4 5 2,41,2073443,92.25 124.86 180
3670,1402,7 1 2,41,2072873,94.64 121.68 180
3671,1361,0 2 15,41,2072785,89.07 122.48 190
3672,1359,0 2 14,41,2072785,89.07 122.48 190
3673,1367,1 10 1,41,2072566,89.87 128.84 179
3674,1360,0 7 7,41,2072501,89.07 126.45 184
3675,1398,6 4 0,41,2072471,93.85 124.07 178
3676,1377,3 2 8,41,2072298,91.46 122.48 185
3677,1391,5 1 6,41,2072002,93.05 121.68 183
3678,1383,4 4 3,41,2071682,92.25 124.07 181
3679,1373,2 5 6,41,2071655,90.66 124.86 183
3680,1366,1 3 11,41,2071637,89.87 123.27 187
3681,1380,3 8 0,41,2071570,91.46 127.25 178
3682,1371,2 0 13,41,2071439,90.66 120.89 189
3683,1366,1 9 2,41,2071279,89.87 128.04 180
3684,1401,7 0 3,41,2070766,94.64 120.89 181
3685,1396,6 3 1,41,2070754,93.85 123.27 179
3686,1415,9 0 0,41,2070670,96.23 120.89 178
3687,1359,0 6 8,41,2070660,89.07 125.66 185
3688,1378,3 7 1,41,2070188,91.46 126.45 179
3689,1379,3 1 10,41,2069970,91.46 121.68 186
3690,1376,3 1 9,41,2069970,91.46 121.68 186
3691,1365,1 8 3,41,2069850,89.87 127.25 181
3692,1385,4 3 5,41,2069774,92.25 123.27 182
3693,1382,4 3 4,41,2069774,92.25 123.27 182
3694,1389,5 0 7,41,2069708,93.05 120.89 184
3695,1371,2 4 7,41,2069708,90.66 124.07 184
3696,1365,1 2 12,41,2069278,89.87 122.48 188
3697,1395,6 2 2,41,2068889,93.85 122.48 180
3698,1360,0 5 10,41,2068676,89.07 124.86 186
3699,1357,0 5 9,41,2068676,89.07 124.86 186
3700,1377,3 6 2,41,2068661,91.46 125.66 180
3701,1366,1 7 5,41,2068278,89.87 126.45 182
3702,1363,1 7 4,41,2068278,89.87 126.45 182
3703,1390,5 5 0,41,2068080,93.05 124.86 178
3704,1360,0 12 0,41,2067968,89.07 130.43 178
3705,1383,4 2 6,41,2067720,92.25 122.48 183
3706,1370,2 3 8,41,2067617,90.66 123.27 185
3707,1377,3 0 11,41,2067497,91.46 120.89 187
3708,1408,8 1 0,41,2067067,95.44 121.68 178
3709,1376,3 5 3,41,2066988,91.46 124.86 181
3710,1359,0 11 1,41,2066905,89.07 129.63 179
3711,1393,6 1 3,41,2066873,93.85 121.68 181
3712,1363,1 1 13,41,2066777,89.87 121.68 189
3713,1365,1 6 6,41,2066562,89.87 125.66 183
3714,1359,0 4 11,41,2066551,89.07 124.07 187
3715,1389,5 4 1,41,2066452,93.05 124.07 179
3716,1372,2 9 0,41,2066391,90.66 128.04 178
3717,1358,0 10 2,41,2065701,89.07 128.84 180
3718,1382,4 1 7,41,2065519,92.25 121.68 184
3719,1371,2 2 10,41,2065382,90.66 122.48 186
3720,1368,2 2 9,41,2065382,90.66 122.48 186
3721,1377,3 4 5,41,2065169,91.46 124.07 182
3722,1374,3 4 4,41,2065169,91.46 124.07 182
3723,1406,8 0 1,41,2065094,95.44 120.89 179
3724,1371,2 8 1,41,2065094,90.66 127.25 179
3725,1395,6 0 5,41,2064709,93.85 120.89 182
3726,1392,6 0 4,41,2064709,93.85 120.89 182
3727,1364,1 5 7,41,2064704,89.87 124.86 184
3728,1388,5 3 2,41,2064676,93.05 123.27 180
3729,1357,0 9 3,41,2064355,89.07 128.04 181
3730,1357,0 3 12,41,2064284,89.07 123.27 188
3731,1365,1 0 15,41,2064132,89.87 120.89 190
3732,1362,1 0 14,41,2064132,89.87 120.89 190
3733,1369,2 7 2,41,2063651,90.66 126.45 180
3734,1383,4 6 0,41,2063464,92.25 125.66 178
3735,1401,7 2 0,41,2063239,94.64 122.48 178
3736,1376,3 3 6,41,2063206,91.46 123.27 183
3737,1380,4 0 8,41,2063171,92.25 120.89 185
3738,1370,2 1 11,41,2063002,90.66 121.68 187
3739,1358,0 8 5,41,2062867,89.07 127.25 182
3740,1355,0 8 4,41,2062867,89.07 127.25 182
3741,1386,5 2 3,41,2062752,93.05 122.48 181
3742,1362,1 4 8,41,2062703,89.87 124.07 185
3743,1368,2 6 3,41,2062065,90.66 125.66 181
3744,1382,4 5 1,41,2061923,92.25 124.86 179
3745,1356,0 2 13,41,2061875,89.07 122.48 189
3746,1399,7 1 1,41,2061357,94.64 121.68 179
3747,1357,0 7 6,41,2061238,89.07 126.45 183
3748,1374,3 2 7,41,2061096,91.46 122.48 184
3749,1364,1 10 0,41,2060987,89.87 128.84 178
3750,1388,5 1 5,41,2060680,93.05 121.68 182
3751,1385,5 1 4,41,2060680,93.05 121.68 182
3752,1364,1 3 10,41,2060558,89.87 123.27 186
3753,1361,1 3 9,41,2060558,89.87 123.27 186
3754,1368,2 0 12,41,2060479,90.66 120.89 188
3755,1370,2 5 5,41,2060335,90.66 124.86 182
3756,1367,2 5 4,41,2060335,90.66 124.86 182
3757,1380,4 4 2,41,2060236,92.25 124.07 180
3758,1363,1 9 1,41,2059772,89.87 128.04 179
3759,1356,0 6 7,41,2059467,89.07 125.66 184
3760,1357,0 1 15,41,2059325,89.07 121.68 190
3761,1354,0 1 14,41,2059325,89.07 121.68 190
3762,1398,7 0 2,41,2059325,94.64 120.89 180
3763,1393,6 3 0,41,2059186,93.85 123.27 178
3764,1373,3 1 8,41,2058841,91.46 121.68 185
3765,1375,3 7 0,41,2058623,91.46 126.45 178
3766,1386,5 0 6,41,2058460,93.05 120.89 183
3767,1368,2 4 6,41,2058460,90.66 124.07 183
3768,1362,1 8 2,41,2058414,89.87 127.25 180
3769,1379,4 3 3,41,2058402,92.25 123.27 181
3770,1362,1 2 11,41,2058271,89.87 122.48 187
3771,1354,0 5 8,41,2057554,89.07 124.86 185
3772,1392,6 2 1,41,2057395,93.85 122.48 179
3773,1374,3 6 1,41,2057168,91.46 125.66 179
3774,1360,1 7 3,41,2056913,89.87 126.45 181
3775,1374,3 0 10,41,2056441,91.46 120.89 186
3776,1371,3 0 9,41,2056441,91.46 120.89 186
3777,1367,2 3 7,41,2056441,90.66 123.27 184
3778,1380,4 2 5,41,2056421,92.25 122.48 182
3779,1377,4 2 4,41,2056421,92.25 122.48 182
3780,1361,1 1 12,41,2055841,89.87 121.68 188
3781,1373,3 5 2,41,2055568,91.46 124.86 180
3782,1356,0 4 10,41,2055500,89.07 124.07 186
3783,1353,0 4 9,41,2055500,89.07 124.07 186
3784,1390,6 1 2,41,2055454,93.85 121.68 180
3785,1356,0 11 0,41,2055358,89.07 129.63 178
3786,1362,1 6 5,41,2055270,89.87 125.66 182
3787,1359,1 6 4,41,2055270,89.87 125.66 182
3788,1386,5 4 0,41,2054908,93.05 124.07 178
3789,1379,4 1 6,41,2054293,92.25 121.68 183
3790,1365,2 2 8,41,2054278,90.66 122.48 185
3791,1355,0 10 1,41,2054225,89.07 128.84 179
3792,1371,3 4 3,41,2053822,91.46 124.07 181
3793,1403,8 0 0,41,2053557,95.44 120.89 178
3794,1368,2 8 0,41,2053557,90.66 127.25 178
3795,1361,1 5 6,41,2053483,89.87 124.86 183
3796,1389,6 0 3,41,2053364,93.85 120.89 181
3797,1354,0 3 11,41,2053304,89.07 123.27 187
3798,1359,1 0 13,41,2053268,89.87 120.89 189
3799,1385,5 3 1,41,2053206,93.05 123.27 179
3800,1354,0 9 2,41,2052949,89.07 128.04 180
3801,1366,2 7 1,41,2052187,90.66 126.45 179
3802,1377,4 0 7,41,2052018,92.25 120.89 184
3803,1367,2 1 10,41,2051970,90.66 121.68 186
3804,1364,2 1 9,41,2051970,90.66 121.68 186
3805,1373,3 3 5,41,2051931,91.46 123.27 182
3806,1370,3 3 4,41,2051931,91.46 123.27 182
3807,1359,1 4 7,41,2051553,89.87 124.07 184
3808,1353,0 8 3,41,2051533,89.07 127.25 181
3809,1383,5 2 2,41,2051356,93.05 122.48 180
3810,1353,0 2 12,41,2050966,89.07 122.48 188
3811,1365,2 6 2,41,2050672,90.66 125.66 180
3812,1378,4 5 0,41,2050404,92.25 124.86 178
3813,1354,0 7 5,41,2049974,89.07 126.45 182
3814,1351,0 7 4,41,2049974,89.07 126.45 182
3815,1371,3 2 6,41,2049894,91.46 122.48 183
3816,1396,7 1 0,41,2049841,94.64 121.68 178
3817,1365,2 0 11,41,2049519,90.66 120.89 187
3818,1358,1 3 8,41,2049480,89.87 123.27 185
3819,1382,5 1 3,41,2049358,93.05 121.68 181
3820,1364,2 5 3,41,2049014,90.66 124.86 181
3821,1377,4 4 1,41,2048790,92.25 124.07 179
3822,1351,0 1 13,41,2048487,89.07 121.68 189
3823,1353,0 6 6,41,2048274,89.07 125.66 183
3824,1360,1 9 0,41,2048265,89.87 128.04 178
3825,1395,7 0 1,41,2047884,94.64 120.89 179
3826,1370,3 1 7,41,2047712,91.46 121.68 184
3827,1359,1 2 10,41,2047265,89.87 122.48 186
3828,1356,1 2 9,41,2047265,89.87 122.48 186
3829,1383,5 0 5,41,2047211,93.05 120.89 182
3830,1380,5 0 4,41,2047211,93.05 120.89 182
3831,1365,2 4 5,41,2047211,90.66 124.07 182
3832,1362,2 4 4,41,2047211,90.66 124.07 182
3833,1376,4 3 2,41,2047029,92.25 123.27 180
3834,1359,1 8 1,41,2046979,89.87 127.25 179
3835,1351,0 5 7,41,2046432,89.07 124.86 184
3836,1389,6 2 0,41,2045901,93.85 122.48 178
3837,1353,0 0 15,41,2045865,89.07 120.89 190
3838,1350,0 0 14,41,2045865,89.07 120.89 190
3839,1371,3 6 0,41,2045676,91.46 125.66 178
3840,1357,1 7 2,41,2045549,89.87 126.45 180
3841,1368,3 0 8,41,2045385,91.46 120.89 185
3842,1364,2 3 6,41,2045265,90.66 123.27 183
3843,1374,4 2 3,41,2045122,92.25 122.48 181
3844,1358,1 1 11,41,2044906,89.87 121.68 187
3845,1350,0 4 8,41,2044449,89.07 124.07 185
3846,1370,3 5 1,41,2044148,91.46 124.86 179
3847,1387,6 1 1,41,2044035,93.85 121.68 179
3848,1356,1 6 3,41,2043977,89.87 125.66 181
3849,1362,2 2 7,41,2043174,90.66 122.48 184
3850,1376,4 1 5,41,2043067,92.25 121.68 182
3851,1373,4 1 4,41,2043067,92.25 121.68 182
3852,1352,0 10 0,41,2042748,89.07 128.84 178
3853,1368,3 4 2,41,2042475,91.46 124.07 180
3854,1356,1 0 12,41,2042404,89.87 120.89 188
3855,1352,0 3 10,41,2042323,89.07 123.27 186
3856,1349,0 3 9,41,2042323,89.07 123.27 186
3857,1358,1 5 5,41,2042261,89.87 124.86 182
3858,1355,1 5 4,41,2042261,89.87 124.86 182
3859,1386,6 0 2,41,2042020,93.85 120.89 180
3860,1381,5 3 0,41,2041735,93.05 123.27 178
3861,1351,0 9 1,41,2041544,89.07 128.04 179
3862,1361,2 1 8,41,2040938,90.66 121.68 185
3863,1374,4 0 6,41,2040866,92.25 120.89 183
3864,1363,2 7 0,41,2040722,90.66 126.45 178
3865,1367,3 3 3,41,2040657,91.46 123.27 181
3866,1356,1 4 6,41,2040403,89.87 124.07 183
3867,1350,0 8 2,41,2040198,89.07 127.25 180
3868,1350,0 2 11,41,2040057,89.07 122.48 187
3869,1380,5 2 1,41,2039959,93.05 122.48 179
3870,1362,2 6 1,41,2039280,90.66 125.66 179
3871,1348,0 7 3,41,2038711,89.07 126.45 181
3872,1368,3 2 5,41,2038693,91.46 122.48 182
3873,1365,3 2 4,41,2038693,91.46 122.48 182
3874,1362,2 0 10,41,2038559,90.66 120.89 186
3875,1359,2 0 9,41,2038559,90.66 120.89 186
3876,1355,1 3 7,41,2038402,89.87 123.27 184
3877,1379,5 1 2,41,2038035,93.05 121.68 180
3878,1361,2 5 2,41,2037694,90.66 124.86 180
3879,1348,0 1 12,41,2037648,89.07 121.68 188
3880,1374,4 4 0,41,2037344,92.25 124.07 178
3881,1350,0 6 5,41,2037081,89.07 125.66 182
3882,1347,0 6 4,41,2037081,89.07 125.66 182
3883,1367,3 1 6,41,2036583,91.46 121.68 183
3884,1391,7 0 0,41,2036444,94.64 120.89 178
3885,1353,1 2 8,41,2036258,89.87 122.48 185
3886,1377,5 0 3,41,2035963,93.05 120.89 181
3887,1359,2 4 3,41,2035963,90.66 124.07 181
3888,1373,4 3 1,41,2035657,92.25 123.27 179
3889,1356,1 8 0,41,2035543,89.87 127.25 178
3890,1349,0 5 6,41,2035310,89.07 124.86 183
3891,1347,0 0 13,41,2035098,89.07 120.89 189
3892,1365,3 0 7,41,2034329,91.46 120.89 184
3893,1354,1 7 1,41,2034185,89.87 126.45 179
3894,1361,2 3 5,41,2034088,90.66 123.27 182
3895,1358,2 3 4,41,2034088,90.66 123.27 182
3896,1355,1 1 10,41,2033971,89.87 121.68 186
3897,1352,1 1 9,41,2033971,89.87 121.68 186
3898,1371,4 2 2,41,2033823,92.25 122.48 180
3899,1347,0 4 7,41,2033398,89.07 124.07 184
3900,1367,3 5 0,41,2032728,91.46 124.86 178
3901,1353,1 6 2,41,2032684,89.87 125.66 180
3902,1384,6 1 0,41,2032616,93.85 121.68 178
3903,1359,2 2 6,41,2032069,90.66 122.48 183
3904,1370,4 1 3,41,2031842,92.25 121.68 181
3905,1353,1 0 11,41,2031541,89.87 120.89 187
3906,1346,0 3 8,41,2031343,89.07 123.27 185
3907,1365,3 4 1,41,2031128,91.46 124.07 179
3908,1352,1 5 3,41,2031040,89.87 124.86 181
3909,1383,6 0 1,41,2030675,93.85 120.89 179
3910,1348,0 9 0,41,2030139,89.07 128.04 178
3911,1358,2 1 7,41,2029906,90.66 121.68 184
3912,1371,4 0 5,41,2029714,92.25 120.89 182
3913,1368,4 0 4,41,2029714,92.25 120.89 182
3914,1364,3 3 2,41,2029382,91.46 123.27 180
3915,1353,1 4 5,41,2029253,89.87 124.07 182
3916,1350,1 4 4,41,2029253,89.87 124.07 182
3917,1347,0 2 10,41,2029147,89.07 122.48 186
3918,1344,0 2 9,41,2029147,89.07 122.48 186
3919,1347,0 8 1,41,2028864,89.07 127.25 179
3920,1377,5 2 0,41,2028563,93.05 122.48 178
3921,1359,2 6 0,41,2027887,90.66 125.66 178
3922,1356,2 0 8,41,2027599,90.66 120.89 185
3923,1362,3 2 3,41,2027491,91.46 122.48 181
3924,1345,0 7 2,41,2027447,89.07 126.45 180
3925,1352,1 3 6,41,2027324,89.87 123.27 183
3926,1346,0 1 11,41,2026809,89.07 121.68 187
3927,1376,5 1 1,41,2026713,93.05 121.68 179
3928,1358,2 5 1,41,2026373,90.66 124.86 179
3929,1344,0 6 3,41,2025889,89.07 125.66 181
3930,1364,3 1 5,41,2025455,91.46 121.68 182
3931,1361,3 1 4,41,2025455,91.46 121.68 182
3932,1350,1 2 7,41,2025251,89.87 122.48 184
3933,1374,5 0 2,41,2024715,93.05 120.89 180
3934,1356,2 4 2,41,2024715,90.66 124.07 180
3935,1344,0 0 12,41,2024330,89.07 120.89 188
3936,1370,4 3 0,41,2024284,92.25 123.27 178
3937,1346,0 5 5,41,2024188,89.07 124.86 182
3938,1343,0 5 4,41,2024188,89.07 124.86 182
3939,1362,3 0 6,41,2023272,91.46 120.89 183
3940,1349,1 1 8,41,2023035,89.87 121.68 185
3941,1355,2 3 3,41,2022912,90.66 123.27 181
3942,1351,1 7 0,41,2022821,89.87 126.45 178
3943,1368,4 2 1,41,2022524,92.25 122.48 179
3944,1344,0 4 6,41,2022347,89.07 124.07 183
3945,1350,1 6 1,41,2021391,89.87 125.66 179
3946,1357,2 2 5,41,2020965,90.66 122.48 182
3947,1354,2 2 4,41,2020965,90.66 122.48 182
3948,1350,1 0 10,41,2020677,89.87 120.89 186
3949,1347,1 0 9,41,2020677,89.87 120.89 186
3950,1367,4 1 2,41,2020616,92.25 121.68 180
3951,1343,0 3 7,41,2020363,89.07 123.27 184
3952,1349,1 5 2,41,2019819,89.87 124.86 180
3953,1362,3 4 0,41,2019781,91.46 124.07 178
3954,1380,6 0 0,41,2019331,93.85 120.89 178
3955,1355,2 1 6,41,2018874,90.66 121.68 183
3956,1365,4 0 3,41,2018562,92.25 120.89 181
3957,1341,0 2 8,41,2018238,89.07 122.48 185
3958,1361,3 3 1,41,2018108,91.46 123.27 179
3959,1347,1 4 3,41,2018104,89.87 124.07 181
3960,1344,0 8 0,41,2017529,89.07 127.25 178
3961,1354,2 0 7,41,2016639,90.66 120.89 184
3962,1359,3 2 2,41,2016290,91.46 122.48 180
3963,1349,1 3 5,41,2016245,89.87 123.27 182
3964,1346,1 3 4,41,2016245,89.87 123.27 182
3965,1342,0 7 1,41,2016183,89.07 126.45 179
3966,1343,0 1 10,41,2015971,89.07 121.68 186
3967,1340,0 1 9,41,2015971,89.07 121.68 186
3968,1373,5 1 0,41,2015390,93.05 121.68 178
3969,1355,2 5 0,41,2015052,90.66 124.86 178
3970,1341,0 6 2,41,2014696,89.07 125.66 180
3971,1358,3 1 3,41,2014326,91.46 121.68 181
3972,1348,1 2 6,41,2014244,89.87 122.48 183
3973,1341,0 0 11,41,2013562,89.07 120.89 187
3974,1371,5 0 1,41,2013466,93.05 120.89 179
3975,1353,2 4 1,41,2013466,90.66 124.07 179
3976,1340,0 5 3,41,2013066,89.07 124.86 181
3977,1360,3 0 5,41,2012216,91.46 120.89 182
3978,1357,3 0 4,41,2012216,91.46 120.89 182
3979,1346,1 1 7,41,2012100,89.87 121.68 184
3980,1352,2 3 2,41,2011736,90.66 123.27 180
3981,1341,0 4 5,41,2011295,89.07 124.07 182
3982,1338,0 4 4,41,2011295,89.07 124.07 182
3983,1365,4 2 0,41,2011225,92.25 122.48 178
3984,1347,1 6 0,41,2010099,89.87 125.66 178
3985,1351,2 2 3,41,2009861,90.66 122.48 181
3986,1345,1 0 8,41,2009813,89.87 120.89 185
3987,1364,4 1 1,41,2009390,92.25 121.68 179
3988,1340,0 3 6,41,2009383,89.07 123.27 183
3989,1346,1 5 1,41,2008598,89.87 124.86 179
3990,1352,2 1 5,41,2007842,90.66 121.68 182
3991,1349,2 1 4,41,2007842,90.66 121.68 182
3992,1362,4 0 2,41,2007409,92.25 120.89 180
3993,1339,0 2 7,41,2007328,89.07 122.48 184
3994,1344,1 4 2,41,2006954,89.87 124.07 180
3995,1358,3 3 0,41,2006834,91.46 123.27 178
3996,1351,2 0 6,41,2005679,90.66 120.89 183
3997,1343,1 3 3,41,2005167,89.87 123.27 181
3998,1337,0 1 8,41,2005132,89.07 121.68 185
3999,1356,3 2 1,41,2005088,91.46 122.48 179
4000,1339,0 7 0,41,2004920,89.07 126.45 178
4001,1338,0 6 1,41,2003503,89.07 125.66 179
4002,1345,1 2 5,41,2003237,89.87 122.48 182
4003,1342,1 2 4,41,2003237,89.87 122.48 182
4004,1355,3 1 2,41,2003197,91.46 121.68 180
4005,1338,0 0 10,41,2002795,89.07 120.89 186
4006,1336,0 0 9,41,2002795,89.07 120.89 186
4007,1368,5 0 0,41,2002218,93.05 120.89 178
4008,1350,2 4 0,41,2002218,90.66 124.07 178
4009,1337,0 5 2,41,2001945,89.07 124.86 180
4010,1343,1 1 6,41,2001165,89.87 121.68 183
4011,1354,3 0 3,41,2001160,91.46 120.89 181
4012,1349,2 3 1,41,2000559,90.66 123.27 179
4013,1336,0 4 3,41,2000244,89.07 124.07 181
4014,1342,1 0 7,41,1998949,89.87 120.89 184
4015,1348,2 2 2,41,1998757,90.66 122.48 180
4016,1337,0 3 5,41,1998403,89.07 123.27 182
4017,1334,0 3 4,41,1998403,89.07 123.27 182
4018,1361,4 1 0,41,1998165,92.25 121.68 178
4019,1343,1 5 0,41,1997377,89.87 124.86 178
4020,1346,2 1 3,41,1996810,90.66 121.68 181
4021,1336,0 2 6,41,1996419,89.07 122.48 183
4022,1359,4 0 1,41,1996257,92.25 120.89 179
4023,1342,1 4 1,41,1995804,89.87 124.07 179
4024,1348,2 0 5,41,1994719,90.66 120.89 182
4025,1345,2 0 4,41,1994719,90.66 120.89 182
4026,1334,0 1 7,41,1994294,89.07 121.68 184
4027,1340,1 3 2,41,1994089,89.87 123.27 180
4028,1353,3 2 0,41,1993886,91.46 122.48 178
4029,1335,0 6 0,41,1992310,89.07 125.66 178
4030,1339,1 2 3,41,1992231,89.87 122.48 181
4031,1352,3 1 1,41,1992068,91.46 121.68 179
4032,1333,0 0 8,41,1992027,89.07 120.89 185
4033,1334,0 5 1,41,1990823,89.07 124.86 179
4034,1340,1 1 5,41,1990229,89.87 121.68 182
4035,1337,1 1 4,41,1990229,89.87 121.68 182
4036,1351,3 0 2,41,1990104,91.46 120.89 180
4037,1346,2 3 0,41,1989383,90.66 123.27 178
4038,1333,0 4 2,41,1989193,89.07 124.07 180
4039,1339,1 0 6,41,1988085,89.87 120.89 183
4040,1345,2 2 1,41,1987652,90.66 122.48 179
4041,1331,0 3 3,41,1987422,89.07 123.27 181
4042,1343,2 1 2,41,1985778,90.66 121.68 180
4043,1333,0 2 5,41,1985510,89.07 122.48 182
4044,1330,0 2 4,41,1985510,89.07 122.48 182
4045,1356,4 0 0,41,1985105,92.25 120.89 178
4046,1339,1 4 0,41,1984654,89.87 124.07 178
4047,1342,2 0 3,41,1983759,90.66 120.89 181
4048,1331,0 1 6,41,1983455,89.07 121.68 183
4049,1337,1 3 1,41,1983011,89.87 123.27 179
4050,1330,0 0 7,41,1981259,89.07 120.89 184
4051,1336,1 2 2,41,1981224,89.87 122.48 180
4052,1349,3 1 0,41,1980939,91.46 121.68 178
4053,1331,0 5 0,41,1979701,89.07 124.86 178
4054,1334,1 1 3,41,1979294,89.87 121.68 181
4055,1348,3 0 1,41,1979048,91.46 120.89 179
4056,1330,0 4 1,41,1978142,89.07 124.07 179
4057,1336,1 0 5,41,1977221,89.87 120.89 182
4058,1333,1 0 4,41,1977221,89.87 120.89 182
4059,1342,2 2 0,41,1976548,90.66 122.48 178
4060,1328,0 3 2,41,1976442,89.07 123.27 180
4061,1340,2 1 1,41,1974746,90.66 121.68 179
4062,1327,0 2 3,41,1974600,89.07 122.48 181
4063,1339,2 0 2,41,1972799,90.66 120.89 180
4064,1328,0 1 5,41,1972617,89.07 121.68 182
4065,1325,0 1 4,41,1972617,89.07 121.68 182
4066,1334,1 3 0,41,1971932,89.87 123.27 178
4067,1327,0 0 6,41,1970491,89.07 120.89 183
4068,1333,1 2 1,41,1970217,89.87 122.48 179
4069,1331,1 1 2,41,1968359,89.87 121.68 180
4070,1345,3 0 0,41,1967992,91.46 120.89 178
4071,1327,0 4 0,41,1967091,89.07 124.07 178
4072,1330,1 0 3,41,1966357,89.87 120.89 181
4073,1325,0 3 1,41,1965462,89.07 123.27 179
4074,1337,2 1 0,41,1963714,90.66 121.68 178
4075,1324,0 2 2,41,1963691,89.07 122.48 180
4076,1336,2 0 1,41,1961839,90.66 120.89 179
4077,1323,0 1 3,41,1961778,89.07 121.68 181
4078,1324,0 0 5,41,1959724,89.07 120.89 182
4079,1321,0 0 4,41,1959724,89.07 120.89 182
4080,1330,1 2 0,41,1959210,89.87 122.48 178
4081,1329,1 1 1,41,1957423,89.87 121.68 179
4082,1327,1 0 2,41,1955494,89.87 120.89 180
4083,1322,0 3 0,41,1954482,89.07 123.27 178
4084,1321,0 2 1,41,1952781,89.07 122.48 179
4085,1320,0 1 2,41,1950940,89.07 121.68 180
4086,1333,2 0 0,41,1950879,90.66 120.89 178
4087,1318,0 0 3,41,1948956,89.07 120.89 181
4088,1326,1 1 0,41,1946488,89.87 121.68 178
4089,1324,1 0 1,41,1944630,89.87 120.89 179
4090,1318,0 2 0,41,1941872,89.07 122.48 178
4091,1317,0 1 1,41,1940101,89.07 121.68 179
4092,1315,0 0 2,41,1938188,89.07 120.89 180
4093,1321,1 0 0,41,1933766,89.87 120.89 178
4094,1314,0 1 0,41,1929262,89.07 121.68 178
4095,1312,0 0 1,41,1927421,89.07 120.89 179
4096,1310,0 0 0,41,1916653,89.07 120.89 178
