rank,cp,ivs,maxlevel,stat-product,stats
1,832,15 15 15,40,821072,83.77 83.77 117
2,829,15 15 14,40,814054,83.77 83.77 116
3,826,15 15 13,40,814054,83.77 83.77 116
4,828,15 14 15,40,813326,83.77 82.98 117
5,824,14 15 15,40,813326,82.98 83.77 117
6,823,15 15 12,40,807037,83.77 83.77 115
7,825,15 14 14,40,806375,83.77 82.98 116
8,822,15 14 13,40,806375,83.77 82.98 116
9,821,14 15 14,40,806375,82.98 83.77 116
10,818,14 15 13,40,806375,82.98 83.77 116
11,820,14 14 15,40,805653,82.98 82.98 117
12,824,15 13 15,40,805580,83.77 82.19 117
13,816,13 15 15,40,805580,82.19 83.77 117
14,820,15 15 11,40,800019,83.77 83.77 114
15,819,15 14 12,40,799423,83.77 82.98 115
16,815,14 15 12,40,799423,82.98 83.77 115
17,817,14 14 14,40,798767,82.98 82.98 116
18,814,14 14 13,40,798767,82.98 82.98 116
19,821,15 13 14,40,798695,83.77 82.19 116
20,818,15 13 13,40,798695,83.77 82.19 116
21,813,13 15 14,40,798695,82.19 83.77 116
22,810,13 15 13,40,798695,82.19 83.77 116
23,816,14 13 15,40,797980,82.98 82.19 117
24,812,13 14 15,40,797980,82.19 82.98 117
25,820,15 12 15,40,797834,83.77 81.4 117
26,808,12 15 15,40,797834,81.4 83.77 117
27,817,15 15 10,40,793001,83.77 83.77 113
28,815,15 15 9,40,793001,83.77 83.77 113
29,816,15 14 11,40,792472,83.77 82.98 114
30,813,14 15 11,40,792472,82.98 83.77 114
31,811,14 14 12,40,791881,82.98 82.98 115
32,815,15 13 12,40,791810,83.77 82.19 115
33,808,13 15 12,40,791810,82.19 83.77 115
34,813,14 13 14,40,791160,82.98 82.19 116
35,810,14 13 13,40,791160,82.98 82.19 116
36,809,13 14 14,40,791160,82.19 82.98 116
37,806,13 14 13,40,791160,82.19 82.98 116
38,817,15 12 14,40,791015,83.77 81.4 116
39,814,15 12 13,40,791015,83.77 81.4 116
40,805,12 15 14,40,791015,81.4 83.77 116
41,803,12 15 13,40,791015,81.4 83.77 116
42,808,13 13 15,40,790381,82.19 82.19 117
43,812,14 12 15,40,790307,82.98 81.4 117
44,804,12 14 15,40,790307,81.4 82.98 117
45,800,11 15 15,40,790088,80.61 83.77 117
46,816,15 11 15,40,790088,83.77 80.61 117
47,812,15 15 8,40,785984,83.77 83.77 112
48,814,15 14 10,40,785520,83.77 82.98 113
49,811,15 14 9,40,785520,83.77 82.98 113
50,810,14 15 10,40,785520,82.98 83.77 113
51,807,14 15 9,40,785520,82.98 83.77 113
52,809,14 14 11,40,784995,82.98 82.98 114
53,812,15 13 11,40,784924,83.77 82.19 114
54,805,13 15 11,40,784924,82.19 83.77 114
55,808,14 13 12,40,784340,82.98 82.19 115
56,804,13 14 12,40,784340,82.19 82.98 115
57,811,15 12 12,40,784196,83.77 81.4 115
58,800,12 15 12,40,784196,81.4 83.77 115
59,805,13 13 14,40,783625,82.19 82.19 116
60,803,13 13 13,40,783625,82.19 82.19 116
61,809,14 12 14,40,783553,82.98 81.4 116
62,806,14 12 13,40,783553,82.98 81.4 116
63,801,12 14 14,40,783553,81.4 82.98 116
64,799,12 14 13,40,783553,81.4 82.98 116
65,797,11 15 14,40,783335,80.61 83.77 116
66,813,15 11 14,40,783335,83.77 80.61 116
67,795,11 15 13,40,783335,80.61 83.77 116
68,810,15 11 13,40,783335,83.77 80.61 116
69,804,13 12 15,40,782781,82.19 81.4 117
70,800,12 13 15,40,782781,81.4 82.19 117
71,808,14 11 15,40,782635,82.98 80.61 117
72,796,11 14 15,40,782635,80.61 82.98 117
73,812,15 10 15,40,782342,83.77 79.82 117
74,792,10 15 15,40,782342,79.82 83.77 117
75,809,15 15 7,40,778966,83.77 83.77 111
76,808,15 14 8,40,778569,83.77 82.98 112
77,804,14 15 8,40,778569,82.98 83.77 112
78,806,14 14 10,40,778110,82.98 82.98 113
79,803,14 14 9,40,778110,82.98 82.98 113
80,810,15 13 10,40,778039,83.77 82.19 113
81,807,15 13 9,40,778039,83.77 82.19 113
82,802,13 15 10,40,778039,82.19 83.77 113
83,799,13 15 9,40,778039,82.19 83.77 113
84,805,14 13 11,40,777519,82.98 82.19 114
85,801,13 14 11,40,777519,82.19 82.98 114
86,809,15 12 11,40,777377,83.77 81.4 114
87,797,12 15 11,40,777377,81.4 83.77 114
88,800,13 13 12,40,776870,82.19 82.19 115
89,804,14 12 12,40,776798,82.98 81.4 115
90,796,12 14 12,40,776798,81.4 82.98 115
91,792,11 15 12,40,776582,80.61 83.77 115
92,807,15 11 12,40,776582,83.77 80.61 115
93,801,13 12 14,40,776090,82.19 81.4 116
94,799,13 12 13,40,776090,82.19 81.4 116
95,798,12 13 14,40,776090,81.4 82.19 116
96,795,12 13 13,40,776090,81.4 82.19 116
97,805,14 11 14,40,775945,82.98 80.61 116
98,803,14 11 13,40,775945,82.98 80.61 116
99,794,11 14 14,40,775945,80.61 82.98 116
100,791,11 14 13,40,775945,80.61 82.98 116
101,809,15 10 14,40,775656,83.77 79.82 116
102,806,15 10 13,40,775656,83.77 79.82 116
103,790,10 15 14,40,775656,79.82 83.77 116
104,787,10 15 13,40,775656,79.82 83.77 116
105,796,12 12 15,40,775254,81.4 81.4 117
106,800,13 11 15,40,775181,82.19 80.61 117
107,793,11 13 15,40,775181,80.61 82.19 117
108,804,14 10 15,40,774962,82.98 79.82 117
109,789,10 14 15,40,774962,79.82 82.98 117
110,808,15 9 15,40,774596,83.77 79.03 117
111,784,9 15 15,40,774596,79.03 83.77 117
112,806,15 15 6,40,771948,83.77 83.77 110
113,805,15 14 7,40,771617,83.77 82.98 111
114,801,14 15 7,40,771617,82.98 83.77 111
115,800,14 14 8,40,771224,82.98 82.98 112
116,804,15 13 8,40,771154,83.77 82.19 112
117,796,13 15 8,40,771154,82.19 83.77 112
118,802,14 13 10,40,770699,82.98 82.19 113
119,799,14 13 9,40,770699,82.98 82.19 113
120,798,13 14 10,40,770699,82.19 82.98 113
121,795,13 14 9,40,770699,82.19 82.98 113
122,806,15 12 10,40,770558,83.77 81.4 113
123,803,15 12 9,40,770558,83.77 81.4 113
124,794,12 15 10,40,770558,81.4 83.77 113
125,792,12 15 9,40,770558,81.4 83.77 113
126,797,13 13 11,40,770114,82.19 82.19 114
127,801,14 12 11,40,770043,82.98 81.4 114
128,793,12 14 11,40,770043,81.4 82.98 114
129,789,11 15 11,40,769830,80.61 83.77 114
130,805,15 11 11,40,769830,83.77 80.61 114
131,796,13 12 12,40,769400,82.19 81.4 115
132,792,12 13 12,40,769400,81.4 82.19 115
133,800,14 11 12,40,769256,82.98 80.61 115
134,788,11 14 12,40,769256,80.61 82.98 115
135,803,15 10 12,40,768969,83.77 79.82 115
136,784,10 15 12,40,768969,79.82 83.77 115
137,794,12 12 14,40,768628,81.4 81.4 116
138,791,12 12 13,40,768628,81.4 81.4 116
139,798,13 11 14,40,768555,82.19 80.61 116
140,795,13 11 13,40,768555,82.19 80.61 116
141,790,11 13 14,40,768555,80.61 82.19 116
142,787,11 13 13,40,768555,80.61 82.19 116
143,801,14 10 14,40,768338,82.98 79.82 116
144,799,14 10 13,40,768338,82.98 79.82 116
145,786,10 14 14,40,768338,79.82 82.98 116
146,783,10 14 13,40,768338,79.82 82.98 116
147,805,15 9 14,40,767976,83.77 79.03 116
148,802,15 9 13,40,767976,83.77 79.03 116
149,782,9 15 14,40,767976,79.03 83.77 116
150,779,9 15 13,40,767976,79.03 83.77 116
151,793,12 11 15,40,767727,81.4 80.61 117
152,789,11 12 15,40,767727,80.61 81.4 117
153,796,13 10 15,40,767581,82.19 79.82 117
154,785,10 13 15,40,767581,79.82 82.19 117
155,800,14 9 15,40,767289,82.98 79.03 117
156,781,9 14 15,40,767289,79.03 82.98 117
157,804,15 8 15,40,766850,83.77 78.24 117
158,777,8 15 15,40,766850,78.24 83.77 117
159,803,15 15 5,40,764930,83.77 83.77 109
160,800,15 15 4,40,764930,83.77 83.77 109
161,802,15 14 6,40,764666,83.77 82.98 110
162,798,14 15 6,40,764666,82.98 83.77 110
163,797,14 14 7,40,764338,82.98 82.98 111
164,801,15 13 7,40,764268,83.77 82.19 111
165,794,13 15 7,40,764268,82.19 83.77 111
166,796,14 13 8,40,763879,82.98 82.19 112
167,793,13 14 8,40,763879,82.19 82.98 112
168,800,15 12 8,40,763739,83.77 81.4 112
169,789,12 15 8,40,763739,81.4 83.77 112
170,794,13 13 10,40,763359,82.19 82.19 113
171,792,13 13 9,40,763359,82.19 82.19 113
172,798,14 12 10,40,763288,82.98 81.4 113
173,795,14 12 9,40,763288,82.98 81.4 113
174,791,12 14 10,40,763288,81.4 82.98 113
175,788,12 14 9,40,763288,81.4 82.98 113
176,787,11 15 10,40,763077,80.61 83.77 113
177,802,15 11 10,40,763077,83.77 80.61 113
178,799,15 11 9,40,763077,83.77 80.61 113
179,784,11 15 9,40,763077,80.61 83.77 113
180,793,13 12 11,40,762709,82.19 81.4 114
181,789,12 13 11,40,762709,81.4 82.19 114
182,797,14 11 11,40,762567,82.98 80.61 114
183,786,11 14 11,40,762567,80.61 82.98 114
184,801,15 10 11,40,762282,83.77 79.82 114
185,782,10 15 11,40,762282,79.82 83.77 114
186,788,12 12 12,40,762002,81.4 81.4 115
187,792,13 11 12,40,761930,82.19 80.61 115
188,785,11 13 12,40,761930,80.61 82.19 115
189,796,14 10 12,40,761714,82.98 79.82 115
190,781,10 14 12,40,761714,79.82 82.98 115
191,799,15 9 12,40,761355,83.77 79.03 115
192,776,9 15 12,40,761355,79.03 83.77 115
193,790,12 11 14,40,761165,81.4 80.61 116
194,787,12 11 13,40,761165,81.4 80.61 116
195,786,11 12 14,40,761165,80.61 81.4 116
196,783,11 12 13,40,761165,80.61 81.4 116
197,794,13 10 14,40,761021,82.19 79.82 116
198,791,13 10 13,40,761021,82.19 79.82 116
199,782,10 13 14,40,761021,79.82 82.19 116
200,779,10 13 13,40,761021,79.82 82.19 116
201,797,14 9 14,40,760731,82.98 79.03 116
202,795,14 9 13,40,760731,82.98 79.03 116
203,778,9 14 14,40,760731,79.03 82.98 116
204,775,9 14 13,40,760731,79.03 82.98 116
205,801,15 8 14,40,760296,83.77 78.24 116
206,798,15 8 13,40,760296,83.77 78.24 116
207,774,8 15 14,40,760296,78.24 83.77 116
208,771,8 15 13,40,760296,78.24 83.77 116
209,785,11 11 15,40,760274,80.61 80.61 117
210,789,12 10 15,40,760200,81.4 79.82 117
211,781,10 12 15,40,760200,79.82 81.4 117
212,792,13 9 15,40,759981,82.19 79.03 117
213,777,9 13 15,40,759981,79.03 82.19 117
214,796,14 8 15,40,759616,82.98 78.24 117
215,773,8 14 15,40,759616,78.24 82.98 117
216,769,7 15 15,40,759104,77.45 83.77 117
217,800,15 7 15,40,759104,83.77 77.45 117
218,797,15 15 3,40,757913,83.77 83.77 108
219,799,15 14 5,40,757714,83.77 82.98 109
220,796,15 14 4,40,757714,83.77 82.98 109
221,796,14 15 5,40,757714,82.98 83.77 109
222,793,14 15 4,40,757714,82.98 83.77 109
223,795,14 14 6,40,757452,82.98 82.98 110
224,798,15 13 6,40,757383,83.77 82.19 110
225,791,13 15 6,40,757383,82.19 83.77 110
226,794,14 13 7,40,757058,82.98 82.19 111
227,790,13 14 7,40,757058,82.19 82.98 111
228,797,15 12 7,40,756920,83.77 81.4 111
229,786,12 15 7,40,756920,81.4 83.77 111
230,789,13 13 8,40,756604,82.19 82.19 112
231,793,14 12 8,40,756534,82.98 81.4 112
232,785,12 14 8,40,756534,81.4 82.98 112
233,796,15 11 8,40,756324,83.77 80.61 112
234,781,11 15 8,40,756324,80.61 83.77 112
235,791,13 12 10,40,756019,82.19 81.4 113
236,788,13 12 9,40,756019,82.19 81.4 113
237,787,12 13 10,40,756019,81.4 82.19 113
238,784,12 13 9,40,756019,81.4 82.19 113
239,794,14 11 10,40,755878,82.98 80.61 113
240,792,14 11 9,40,755878,82.98 80.61 113
241,783,11 14 10,40,755878,80.61 82.98 113
242,780,11 14 9,40,755878,80.61 82.98 113
243,798,15 10 10,40,755595,83.77 79.82 113
244,795,15 10 9,40,755595,83.77 79.82 113
245,779,10 15 10,40,755595,79.82 83.77 113
246,776,10 15 9,40,755595,79.82 83.77 113
247,786,12 12 11,40,755376,81.4 81.4 114
248,789,13 11 11,40,755304,82.19 80.61 114
249,782,11 13 11,40,755304,80.61 82.19 114
250,793,14 10 11,40,755091,82.98 79.82 114
251,778,10 14 11,40,755091,79.82 82.98 114
252,797,15 9 11,40,754735,83.77 79.03 114
253,774,9 15 11,40,754735,79.03 83.77 114
254,785,12 11 12,40,754604,81.4 80.61 115
255,781,11 12 12,40,754604,80.61 81.4 115
256,788,13 10 12,40,754460,82.19 79.82 115
257,777,10 13 12,40,754460,79.82 82.19 115
258,792,14 9 12,40,754173,82.98 79.03 115
259,773,9 14 12,40,754173,79.03 82.98 115
260,782,11 11 14,40,753775,80.61 80.61 116
261,780,11 11 13,40,753775,80.61 80.61 116
262,795,15 8 12,40,753742,83.77 78.24 115
263,769,8 15 12,40,753742,78.24 83.77 115
264,786,12 10 14,40,753703,81.4 79.82 116
265,783,12 10 13,40,753703,81.4 79.82 116
266,778,10 12 14,40,753703,79.82 81.4 116
267,776,10 12 13,40,753703,79.82 81.4 116
268,790,13 9 14,40,753486,82.19 79.03 116
269,787,13 9 13,40,753486,82.19 79.03 116
270,774,9 13 14,40,753486,79.03 82.19 116
271,772,9 13 13,40,753486,79.03 82.19 116
272,793,14 8 14,40,753123,82.98 78.24 116
273,791,14 8 13,40,753123,82.98 78.24 116
274,770,8 14 14,40,753123,78.24 82.98 116
275,768,8 14 13,40,753123,78.24 82.98 116
276,781,11 10 15,40,752820,80.61 79.82 117
277,777,10 11 15,40,752820,79.82 80.61 117
278,785,12 9 15,40,752674,81.4 79.03 117
279,773,9 12 15,40,752674,79.03 81.4 117
280,766,7 15 14,40,752616,77.45 83.77 116
281,797,15 7 14,40,752616,83.77 77.45 116
282,764,7 15 13,40,752616,77.45 83.77 116
283,794,15 7 13,40,752616,83.77 77.45 116
284,788,13 8 15,40,752381,82.19 78.24 117
285,769,8 13 15,40,752381,78.24 82.19 117
286,792,14 7 15,40,751943,82.98 77.45 117
287,765,7 14 15,40,751943,77.45 82.98 117
288,795,15 6 15,40,751358,83.77 76.66 117
289,761,6 15 15,40,751358,76.66 83.77 117
290,794,15 15 2,40,750895,83.77 83.77 107
291,794,15 14 3,40,750763,83.77 82.98 108
292,790,14 15 3,40,750763,82.98 83.77 108
293,792,14 14 5,40,750566,82.98 82.98 109
294,789,14 14 4,40,750566,82.98 82.98 109
295,796,15 13 5,40,750498,83.77 82.19 109
296,793,15 13 4,40,750498,83.77 82.19 109
297,788,13 15 5,40,750498,82.19 83.77 109
298,785,13 15 4,40,750498,82.19 83.77 109
299,791,14 13 6,40,750238,82.98 82.19 110
300,787,13 14 6,40,750238,82.19 82.98 110
301,795,15 12 6,40,750100,83.77 81.4 110
302,783,12 15 6,40,750100,81.4 83.77 110
303,786,13 13 7,40,749848,82.19 82.19 111
304,790,14 12 7,40,749779,82.98 81.4 111
305,782,12 14 7,40,749779,81.4 82.98 111
306,778,11 15 7,40,749571,80.61 83.77 111
307,793,15 11 7,40,749571,83.77 80.61 111
308,785,13 12 8,40,749329,82.19 81.4 112
309,781,12 13 8,40,749329,81.4 82.19 112
310,789,14 11 8,40,749189,82.98 80.61 112
311,777,11 14 8,40,749189,80.61 82.98 112
312,792,15 10 8,40,748909,83.77 79.82 112
313,773,10 15 8,40,748909,79.82 83.77 112
314,783,12 12 10,40,748750,81.4 81.4 113
315,780,12 12 9,40,748750,81.4 81.4 113
316,787,13 11 10,40,748679,82.19 80.61 113
317,784,13 11 9,40,748679,82.19 80.61 113
318,779,11 13 10,40,748679,80.61 82.19 113
319,776,11 13 9,40,748679,80.61 82.19 113
320,790,14 10 10,40,748467,82.98 79.82 113
321,788,14 10 9,40,748467,82.98 79.82 113
322,775,10 14 10,40,748467,79.82 82.98 113
323,772,10 14 9,40,748467,79.82 82.98 113
324,794,15 9 10,40,748114,83.77 79.03 113
325,791,15 9 9,40,748114,83.77 79.03 113
326,771,9 15 10,40,748114,79.03 83.77 113
327,768,9 15 9,40,748114,79.03 83.77 113
328,782,12 11 11,40,748042,81.4 80.61 114
329,778,11 12 11,40,748042,80.61 81.4 114
330,786,13 10 11,40,747899,82.19 79.82 114
331,774,10 13 11,40,747899,79.82 82.19 114
332,789,14 9 11,40,747615,82.98 79.03 114
333,770,9 14 11,40,747615,79.03 82.98 114
334,777,11 11 12,40,747277,80.61 80.61 115
335,781,12 10 12,40,747206,81.4 79.82 115
336,773,10 12 12,40,747206,79.82 81.4 115
337,793,15 8 11,40,747187,83.77 78.24 114
338,766,8 15 11,40,747187,78.24 83.77 114
339,784,13 9 12,40,746990,82.19 79.03 115
340,769,9 13 12,40,746990,79.03 82.19 115
341,788,14 8 12,40,746631,82.98 78.24 115
342,765,8 14 12,40,746631,78.24 82.98 115
343,778,11 10 14,40,746386,80.61 79.82 116
344,776,11 10 13,40,746386,80.61 79.82 116
345,775,10 11 14,40,746386,79.82 80.61 116
346,772,10 11 13,40,746386,79.82 80.61 116
347,782,12 9 14,40,746241,81.4 79.03 116
348,779,12 9 13,40,746241,81.4 79.03 116
349,771,9 12 14,40,746241,79.03 81.4 116
350,768,9 12 13,40,746241,79.03 81.4 116
351,761,7 15 12,40,746128,77.45 83.77 115
352,791,15 7 12,40,746128,83.77 77.45 115
353,786,13 8 14,40,745951,82.19 78.24 116
354,783,13 8 13,40,745951,82.19 78.24 116
355,767,8 13 14,40,745951,78.24 82.19 116
356,764,8 13 13,40,745951,78.24 82.19 116
357,763,7 14 14,40,745516,77.45 82.98 116
358,789,14 7 14,40,745516,82.98 77.45 116
359,787,14 7 13,40,745516,82.98 77.45 116
360,760,7 14 13,40,745516,77.45 82.98 116
361,773,10 10 15,40,745439,79.82 79.82 117
362,777,11 9 15,40,745366,80.61 79.03 117
363,769,9 11 15,40,745366,79.03 80.61 117
364,781,12 8 15,40,745147,81.4 78.24 117
365,766,8 12 15,40,745147,78.24 81.4 117
366,793,15 6 14,40,744937,83.77 76.66 116
367,790,15 6 13,40,744937,83.77 76.66 116
368,758,6 15 14,40,744937,76.66 83.77 116
369,756,6 15 13,40,744937,76.66 83.77 116
370,784,13 7 15,40,744782,82.19 77.45 117
371,761,7 13 15,40,744782,77.45 82.19 117
372,788,14 6 15,40,744270,82.98 76.66 117
373,757,6 14 15,40,744270,76.66 82.98 117
374,791,15 15 1,40,743877,83.77 83.77 106
375,791,15 14 2,40,743811,83.77 82.98 107
376,787,14 15 2,40,743811,82.98 83.77 107
377,786,14 14 3,40,743680,82.98 82.98 108
378,791,15 5 15,40,743612,83.77 75.87 117
379,753,5 15 15,40,743612,75.87 83.77 117
380,790,15 13 3,40,743612,83.77 82.19 108
381,782,13 15 3,40,743612,82.19 83.77 108
382,788,14 13 5,40,743418,82.98 82.19 109
383,785,14 13 4,40,743418,82.98 82.19 109
384,784,13 14 5,40,743418,82.19 82.98 109
385,781,13 14 4,40,743418,82.19 82.98 109
386,792,15 12 5,40,743281,83.77 81.4 109
387,789,15 12 4,40,743281,83.77 81.4 109
388,780,12 15 5,40,743281,81.4 83.77 109
389,778,12 15 4,40,743281,81.4 83.77 109
390,783,13 13 6,40,743093,82.19 82.19 110
391,787,14 12 6,40,743024,82.98 81.4 110
392,779,12 14 6,40,743024,81.4 82.98 110
393,776,11 15 6,40,742818,80.61 83.77 110
394,791,15 11 6,40,742818,83.77 80.61 110
395,782,13 12 7,40,742638,82.19 81.4 111
396,779,12 13 7,40,742638,81.4 82.19 111
397,786,14 11 7,40,742499,82.98 80.61 111
398,775,11 14 7,40,742499,80.61 82.98 111
399,790,15 10 7,40,742222,83.77 79.82 111
400,771,10 15 7,40,742222,79.82 83.77 111
401,778,12 12 8,40,742123,81.4 81.4 112
402,781,13 11 8,40,742053,82.19 80.61 112
403,774,11 13 8,40,742053,80.61 82.19 112
404,785,14 10 8,40,741844,82.98 79.82 112
405,770,10 14 8,40,741844,79.82 82.98 112
406,788,15 9 8,40,741494,83.77 79.03 112
407,766,9 15 8,40,741494,79.03 83.77 112
408,779,12 11 10,40,741480,81.4 80.61 113
409,776,12 11 9,40,741480,81.4 80.61 113
410,775,11 12 10,40,741480,80.61 81.4 113
411,773,11 12 9,40,741480,80.61 81.4 113
412,783,13 10 10,40,741339,82.19 79.82 113
413,780,13 10 9,40,741339,82.19 79.82 113
414,771,10 13 10,40,741339,79.82 82.19 113
415,769,10 13 9,40,741339,79.82 82.19 113
416,786,14 9 10,40,741057,82.98 79.03 113
417,784,14 9 9,40,741057,82.98 79.03 113
418,767,9 14 10,40,741057,79.03 82.98 113
419,765,9 14 9,40,741057,79.03 82.98 113
420,774,11 11 11,40,740779,80.61 80.61 114
421,778,12 10 11,40,740708,81.4 79.82 114
422,770,10 12 11,40,740708,79.82 81.4 114
423,790,15 8 10,40,740633,83.77 78.24 113
424,787,15 8 9,40,740633,83.77 78.24 113
425,763,8 15 10,40,740633,78.24 83.77 113
426,761,8 15 9,40,740633,78.24 83.77 113
427,782,13 9 11,40,740495,82.19 79.03 114
428,766,9 13 11,40,740495,79.03 82.19 114
429,785,14 8 11,40,740139,82.98 78.24 114
430,762,8 14 11,40,740139,78.24 82.98 114
431,773,11 10 12,40,739951,80.61 79.82 115
432,769,10 11 12,40,739951,79.82 80.61 115
433,777,12 9 12,40,739808,81.4 79.03 115
434,765,9 12 12,40,739808,79.03 81.4 115
435,758,7 15 11,40,739640,77.45 83.77 114
436,789,15 7 11,40,739640,83.77 77.45 114
437,780,13 8 12,40,739520,82.19 78.24 115
438,761,8 13 12,40,739520,78.24 82.19 115
439,757,7 14 12,40,739089,77.45 82.98 115
440,784,14 7 12,40,739089,82.98 77.45 115
441,771,10 10 14,40,739068,79.82 79.82 116
442,768,10 10 13,40,739068,79.82 79.82 116
443,775,11 9 14,40,738996,80.61 79.03 116
444,772,11 9 13,40,738996,80.61 79.03 116
445,767,9 11 14,40,738996,79.03 80.61 116
446,764,9 11 13,40,738996,79.03 80.61 116
447,778,12 8 14,40,738778,81.4 78.24 116
448,776,12 8 13,40,738778,81.4 78.24 116
449,763,8 12 14,40,738778,78.24 81.4 116
450,760,8 12 13,40,738778,78.24 81.4 116
451,787,15 6 12,40,738515,83.77 76.66 115
452,753,6 15 12,40,738515,76.66 83.77 115
453,782,13 7 14,40,738416,82.19 77.45 116
454,779,13 7 13,40,738416,82.19 77.45 116
455,759,7 13 14,40,738416,77.45 82.19 116
456,756,7 13 13,40,738416,77.45 82.19 116
457,770,10 9 15,40,738059,79.82 79.03 117
458,766,9 10 15,40,738059,79.03 79.82 117
459,773,11 8 15,40,737913,80.61 78.24 117
460,762,8 11 15,40,737913,78.24 80.61 117
461,785,14 6 14,40,737909,82.98 76.66 116
462,783,14 6 13,40,737909,82.98 76.66 116
463,755,6 14 14,40,737909,76.66 82.98 116
464,752,6 14 13,40,737909,76.66 82.98 116
465,777,12 7 15,40,737620,81.4 77.45 117
466,758,7 12 15,40,737620,77.45 81.4 117
467,789,15 5 14,40,737257,83.77 75.87 116
468,786,15 5 13,40,737257,83.77 75.87 116
469,750,5 15 14,40,737257,75.87 83.77 116
470,748,5 15 13,40,737257,75.87 83.77 116
471,780,13 6 15,40,737182,82.19 76.66 117
472,754,6 13 15,40,737182,76.66 82.19 117
473,788,15 14 1,40,736860,83.77 82.98 106
474,784,14 15 1,40,736860,82.98 83.77 106
475,789,15 15 0,40,736860,83.77 83.77 105
476,783,14 14 2,40,736794,82.98 82.98 107
477,787,15 13 2,40,736727,83.77 82.19 107
478,779,13 15 2,40,736727,82.19 83.77 107
479,784,14 5 15,40,736597,82.98 75.87 117
480,749,5 14 15,40,736597,75.87 82.98 117
481,782,14 13 3,40,736597,82.98 82.19 108
482,779,13 14 3,40,736597,82.19 82.98 108
483,786,15 12 3,40,736462,83.77 81.4 108
484,775,12 15 3,40,736462,81.4 83.77 108
485,780,13 13 5,40,736337,82.19 82.19 109
486,778,13 13 4,40,736337,82.19 82.19 109
487,784,14 12 5,40,736269,82.98 81.4 109
488,781,14 12 4,40,736269,82.98 81.4 109
489,777,12 14 5,40,736269,81.4 82.98 109
490,774,12 14 4,40,736269,81.4 82.98 109
491,773,11 15 5,40,736065,80.61 83.77 109
492,788,15 11 5,40,736065,83.77 80.61 109
493,785,15 11 4,40,736065,83.77 80.61 109
494,770,11 15 4,40,736065,80.61 83.77 109
495,780,13 12 6,40,735948,82.19 81.4 110
496,776,12 13 6,40,735948,81.4 82.19 110
497,787,15 4 15,40,735866,83.77 75.08 117
498,745,4 15 15,40,735866,75.08 83.77 117
499,783,14 11 6,40,735810,82.98 80.61 110
500,772,11 14 6,40,735810,80.61 82.98 110
501,787,15 10 6,40,735535,83.77 79.82 110
502,768,10 15 6,40,735535,79.82 83.77 110
503,775,12 12 7,40,735497,81.4 81.4 111
504,778,13 11 7,40,735428,82.19 80.61 111
505,771,11 13 7,40,735428,80.61 82.19 111
506,782,14 10 7,40,735220,82.98 79.82 111
507,767,10 14 7,40,735220,79.82 82.98 111
508,774,12 11 8,40,734918,81.4 80.61 112
509,770,11 12 8,40,734918,80.61 81.4 112
510,786,15 9 7,40,734873,83.77 79.03 111
511,763,9 15 7,40,734873,79.03 83.77 111
512,777,13 10 8,40,734778,82.19 79.82 112
513,766,10 13 8,40,734778,79.82 82.19 112
514,781,14 9 8,40,734499,82.98 79.03 112
515,762,9 14 8,40,734499,79.03 82.98 112
516,772,11 11 10,40,734281,80.61 80.61 113
517,769,11 11 9,40,734281,80.61 80.61 113
518,775,12 10 10,40,734211,81.4 79.82 113
519,773,12 10 9,40,734211,81.4 79.82 113
520,768,10 12 10,40,734211,79.82 81.4 113
521,765,10 12 9,40,734211,79.82 81.4 113
522,784,15 8 8,40,734079,83.77 78.24 112
523,758,8 15 8,40,734079,78.24 83.77 112
524,779,13 9 10,40,733999,82.19 79.03 113
525,776,13 9 9,40,733999,82.19 79.03 113
526,764,9 13 10,40,733999,79.03 82.19 113
527,761,9 13 9,40,733999,79.03 82.19 113
528,783,14 8 10,40,733646,82.98 78.24 113
529,780,14 8 9,40,733646,82.98 78.24 113
530,760,8 14 10,40,733646,78.24 82.98 113
531,757,8 14 9,40,733646,78.24 82.98 113
532,770,11 10 11,40,733517,80.61 79.82 114
533,767,10 11 11,40,733517,79.82 80.61 114
534,774,12 9 11,40,733374,81.4 79.03 114
535,763,9 12 11,40,733374,79.03 81.4 114
536,756,7 15 10,40,733152,77.45 83.77 113
537,786,15 7 10,40,733152,83.77 77.45 113
538,753,7 15 9,40,733152,77.45 83.77 113
539,783,15 7 9,40,733152,83.77 77.45 113
540,778,13 8 11,40,733090,82.19 78.24 114
541,759,8 13 11,40,733090,78.24 82.19 114
542,766,10 10 12,40,732697,79.82 79.82 115
543,781,14 7 11,40,732662,82.98 77.45 114
544,755,7 14 11,40,732662,77.45 82.98 114
545,769,11 9 12,40,732625,80.61 79.03 115
546,762,9 11 12,40,732625,79.03 80.61 115
547,773,12 8 12,40,732409,81.4 78.24 115
548,758,8 12 12,40,732409,78.24 81.4 115
549,785,15 6 11,40,732093,83.77 76.66 114
550,751,6 15 11,40,732093,76.66 83.77 114
551,776,13 7 12,40,732050,82.19 77.45 115
552,754,7 13 12,40,732050,77.45 82.19 115
553,767,10 9 14,40,731751,79.82 79.03 116
554,764,10 9 13,40,731751,79.82 79.03 116
555,763,9 10 14,40,731751,79.03 79.82 116
556,761,9 10 13,40,731751,79.03 79.82 116
557,771,11 8 14,40,731606,80.61 78.24 116
558,768,11 8 13,40,731606,80.61 78.24 116
559,759,8 11 14,40,731606,78.24 80.61 116
560,757,8 11 13,40,731606,78.24 80.61 116
561,780,14 6 12,40,731548,82.98 76.66 115
562,750,6 14 12,40,731548,76.66 82.98 115
563,774,12 7 14,40,731316,81.4 77.45 116
564,772,12 7 13,40,731316,81.4 77.45 116
565,755,7 12 14,40,731316,77.45 81.4 116
566,753,7 12 13,40,731316,77.45 81.4 116
567,783,15 5 12,40,730901,83.77 75.87 115
568,745,5 15 12,40,730901,75.87 83.77 115
569,778,13 6 14,40,730881,82.19 76.66 116
570,775,13 6 13,40,730881,82.19 76.66 116
571,751,6 13 14,40,730881,76.66 82.19 116
572,749,6 13 13,40,730881,76.66 82.19 116
573,762,9 9 15,40,730751,79.03 79.03 117
574,766,10 8 15,40,730678,79.82 78.24 117
575,758,8 10 15,40,730678,78.24 79.82 117
576,769,11 7 15,40,730459,80.61 77.45 117
577,754,7 11 15,40,730459,77.45 80.61 117
578,781,14 5 14,40,730301,82.98 75.87 116
579,779,14 5 13,40,730301,82.98 75.87 116
580,747,5 14 14,40,730301,75.87 82.98 116
581,744,5 14 13,40,730301,75.87 82.98 116
582,773,12 6 15,40,730094,81.4 76.66 117
583,750,6 12 15,40,730094,76.66 81.4 117
584,780,14 14 1,40,729908,82.98 82.98 106
585,785,15 14 0,40,729908,83.77 82.98 105
586,781,14 15 0,40,729908,82.98 83.77 105
587,784,15 13 1,40,729842,83.77 82.19 106
588,777,13 15 1,40,729842,82.19 83.77 106
589,779,14 13 2,40,729777,82.98 82.19 107
590,776,13 14 2,40,729777,82.19 82.98 107
591,783,15 12 2,40,729643,83.77 81.4 107
592,772,12 15 2,40,729643,81.4 83.77 107
593,776,13 5 15,40,729582,82.19 75.87 117
594,746,5 13 15,40,729582,75.87 82.19 117
595,775,13 13 3,40,729582,82.19 82.19 108
596,785,15 4 14,40,729577,83.77 75.08 116
597,782,15 4 13,40,729577,83.77 75.08 116
598,743,4 15 14,40,729577,75.08 83.77 116
599,740,4 15 13,40,729577,75.08 83.77 116
600,779,14 12 3,40,729515,82.98 81.4 108
601,771,12 14 3,40,729515,81.4 82.98 108
602,782,15 11 3,40,729312,83.77 80.61 108
603,767,11 15 3,40,729312,80.61 83.77 108
604,777,13 12 5,40,729257,82.19 81.4 109
605,774,13 12 4,40,729257,82.19 81.4 109
606,773,12 13 5,40,729257,81.4 82.19 109
607,770,12 13 4,40,729257,81.4 82.19 109
608,780,14 11 5,40,729121,82.98 80.61 109
609,778,14 11 4,40,729121,82.98 80.61 109
610,769,11 14 5,40,729121,80.61 82.98 109
611,766,11 14 4,40,729121,80.61 82.98 109
612,780,14 4 15,40,728924,82.98 75.08 117
613,742,4 14 15,40,728924,75.08 82.98 117
614,772,12 12 6,40,728871,81.4 81.4 110
615,784,15 10 5,40,728849,83.77 79.82 109
616,781,15 10 4,40,728849,83.77 79.82 109
617,765,10 15 5,40,728849,79.82 83.77 109
618,762,10 15 4,40,728849,79.82 83.77 109
619,776,13 11 6,40,728803,82.19 80.61 110
620,768,11 13 6,40,728803,80.61 82.19 110
621,779,14 10 6,40,728596,82.98 79.82 110
622,764,10 14 6,40,728596,79.82 82.98 110
623,771,12 11 7,40,728357,81.4 80.61 111
624,767,11 12 7,40,728357,80.61 81.4 111
625,783,15 9 6,40,728253,83.77 79.03 110
626,760,9 15 6,40,728253,79.03 83.77 110
627,775,13 10 7,40,728218,82.19 79.82 111
628,763,10 13 7,40,728218,79.82 82.19 111
629,783,15 3 15,40,728120,83.77 74.29 117
630,737,3 15 15,40,728120,74.29 83.77 117
631,778,14 9 7,40,727941,82.98 79.03 111
632,759,9 14 7,40,727941,79.03 82.98 111
633,766,11 11 8,40,727783,80.61 80.61 112
634,770,12 10 8,40,727713,81.4 79.82 112
635,762,10 12 8,40,727713,79.82 81.4 112
636,782,15 8 7,40,727525,83.77 78.24 111
637,755,8 15 7,40,727525,78.24 83.77 111
638,774,13 9 8,40,727503,82.19 79.03 112
639,759,9 13 8,40,727503,79.03 82.19 112
640,777,14 8 8,40,727154,82.98 78.24 112
641,755,8 14 8,40,727154,78.24 82.98 112
642,768,11 10 10,40,727082,80.61 79.82 113
643,765,11 10 9,40,727082,80.61 79.82 113
644,764,10 11 10,40,727082,79.82 80.61 113
645,761,10 11 9,40,727082,79.82 80.61 113
646,771,12 9 10,40,726941,81.4 79.03 113
647,769,12 9 9,40,726941,81.4 79.03 113
648,760,9 12 10,40,726941,79.03 81.4 113
649,758,9 12 9,40,726941,79.03 81.4 113
650,780,15 7 8,40,726664,83.77 77.45 112
651,750,7 15 8,40,726664,77.45 83.77 112
652,775,13 8 10,40,726659,82.19 78.24 113
653,772,13 8 9,40,726659,82.19 78.24 113
654,756,8 13 10,40,726659,78.24 82.19 113
655,754,8 13 9,40,726659,78.24 82.19 113
656,763,10 10 11,40,726325,79.82 79.82 114
657,767,11 9 11,40,726254,80.61 79.03 114
658,759,9 11 11,40,726254,79.03 80.61 114
659,779,14 7 10,40,726236,82.98 77.45 113
660,776,14 7 9,40,726236,82.98 77.45 113
661,752,7 14 10,40,726236,77.45 82.98 113
662,750,7 14 9,40,726236,77.45 82.98 113
663,770,12 8 11,40,726041,81.4 78.24 114
664,755,8 12 11,40,726041,78.24 81.4 114
665,774,13 7 11,40,725685,82.19 77.45 114
666,751,7 13 11,40,725685,77.45 82.19 114
667,782,15 6 10,40,725671,83.77 76.66 113
668,779,15 6 9,40,725671,83.77 76.66 113
669,748,6 15 10,40,725671,76.66 83.77 113
670,745,6 15 9,40,725671,76.66 83.77 113
671,762,10 9 12,40,725442,79.82 79.03 115
672,758,9 10 12,40,725442,79.03 79.82 115
673,765,11 8 12,40,725299,80.61 78.24 115
674,754,8 11 12,40,725299,78.24 80.61 115
675,777,14 6 11,40,725186,82.98 76.66 114
676,747,6 14 11,40,725186,76.66 82.98 114
677,769,12 7 12,40,725011,81.4 77.45 115
678,750,7 12 12,40,725011,77.45 81.4 115
679,773,13 6 12,40,724580,82.19 76.66 115
680,746,6 13 12,40,724580,76.66 82.19 115
681,781,15 5 11,40,724545,83.77 75.87 114
682,743,5 15 11,40,724545,75.87 83.77 114
683,759,9 9 14,40,724505,79.03 79.03 116
684,757,9 9 13,40,724505,79.03 79.03 116
685,763,10 8 14,40,724433,79.82 78.24 116
686,760,10 8 13,40,724433,79.82 78.24 116
687,755,8 10 14,40,724433,78.24 79.82 116
688,753,8 10 13,40,724433,78.24 79.82 116
689,767,11 7 14,40,724216,80.61 77.45 116
690,764,11 7 13,40,724216,80.61 77.45 116
691,752,7 11 14,40,724216,77.45 80.61 116
692,749,7 11 13,40,724216,77.45 80.61 116
693,776,14 5 12,40,724006,82.98 75.87 115
694,742,5 14 12,40,724006,75.87 82.98 115
695,770,12 6 14,40,723853,81.4 76.66 116
696,768,12 6 13,40,723853,81.4 76.66 116
697,748,6 12 14,40,723853,76.66 81.4 116
698,745,6 12 13,40,723853,76.66 81.4 116
699,758,9 8 15,40,723444,79.03 78.24 117
700,754,8 9 15,40,723444,78.24 79.03 117
701,774,13 5 14,40,723346,82.19 75.87 116
702,771,13 5 13,40,723346,82.19 75.87 116
703,743,5 13 14,40,723346,75.87 82.19 116
704,741,5 13 13,40,723346,75.87 82.19 116
705,762,10 7 15,40,723298,79.82 77.45 117
706,750,7 10 15,40,723298,77.45 79.82 117
707,779,15 4 12,40,723288,83.77 75.08 115
708,738,4 15 12,40,723288,75.08 83.77 115
709,777,14 14 0,40,723022,82.98 82.98 105
710,765,11 6 15,40,723005,80.61 76.66 117
711,746,6 11 15,40,723005,76.66 80.61 117
712,777,14 13 1,40,722957,82.98 82.19 106
713,773,13 14 1,40,722957,82.19 82.98 106
714,781,15 13 0,40,722957,83.77 82.19 105
715,774,13 15 0,40,722957,82.19 83.77 105
716,772,13 13 2,40,722827,82.19 82.19 107
717,780,15 12 1,40,722824,83.77 81.4 106
718,769,12 15 1,40,722824,81.4 83.77 106
719,776,14 12 2,40,722760,82.98 81.4 107
720,768,12 14 2,40,722760,81.4 82.98 107
721,777,14 4 14,40,722694,82.98 75.08 116
722,774,14 4 13,40,722694,82.98 75.08 116
723,739,4 14 14,40,722694,75.08 82.98 116
724,737,4 14 13,40,722694,75.08 82.98 116
725,769,12 5 15,40,722567,81.4 75.87 117
726,742,5 12 15,40,722567,75.87 81.4 117
727,771,13 12 3,40,722567,82.19 81.4 108
728,767,12 13 3,40,722567,81.4 82.19 108
729,779,15 11 2,40,722559,83.77 80.61 107
730,764,11 15 2,40,722559,80.61 83.77 107
731,775,14 11 3,40,722432,82.98 80.61 108
732,764,11 14 3,40,722432,80.61 82.98 108
733,769,12 12 5,40,722245,81.4 81.4 109
734,766,12 12 4,40,722245,81.4 81.4 109
735,773,13 11 5,40,722177,82.19 80.61 109
736,770,13 11 4,40,722177,82.19 80.61 109
737,765,11 13 5,40,722177,80.61 82.19 109
738,763,11 13 4,40,722177,80.61 82.19 109
739,778,15 10 3,40,722162,83.77 79.82 108
740,760,10 15 3,40,722162,79.82 83.77 108
741,772,13 4 15,40,721982,82.19 75.08 117
742,738,4 13 15,40,721982,75.08 82.19 117
743,777,14 10 5,40,721973,82.98 79.82 109
744,774,14 10 4,40,721973,82.98 79.82 109
745,762,10 14 5,40,721973,79.82 82.98 109
746,759,10 14 4,40,721973,79.82 82.98 109
747,780,15 3 14,40,721897,83.77 74.29 116
748,778,15 3 13,40,721897,83.77 74.29 116
749,735,3 15 14,40,721897,74.29 83.77 116
750,732,3 15 13,40,721897,74.29 83.77 116
751,768,12 11 6,40,721795,81.4 80.61 110
752,765,11 12 6,40,721795,80.61 81.4 110
753,772,13 10 6,40,721657,82.19 79.82 110
754,761,10 13 6,40,721657,79.82 82.19 110
755,780,15 9 5,40,721632,83.77 79.03 109
756,777,15 9 4,40,721632,83.77 79.03 109
757,758,9 15 5,40,721632,79.03 83.77 109
758,755,9 15 4,40,721632,79.03 83.77 109
759,775,14 9 6,40,721383,82.98 79.03 110
760,757,9 14 6,40,721383,79.03 82.98 110
761,764,11 11 7,40,721285,80.61 80.61 111
762,776,14 3 15,40,721251,82.98 74.29 117
763,734,3 14 15,40,721251,74.29 82.98 117
764,767,12 10 7,40,721216,81.4 79.82 111
765,760,10 12 7,40,721216,79.82 81.4 111
766,771,13 9 7,40,721008,82.19 79.03 111
767,756,9 13 7,40,721008,79.03 82.19 111
768,779,15 8 6,40,720970,83.77 78.24 110
769,753,8 15 6,40,720970,78.24 83.77 110
770,774,14 8 7,40,720661,82.98 78.24 111
771,752,8 14 7,40,720661,78.24 82.98 111
772,762,11 10 8,40,720648,80.61 79.82 112
773,759,10 11 8,40,720648,79.82 80.61 112
774,766,12 9 8,40,720508,81.4 79.03 112
775,755,9 12 8,40,720508,79.03 81.4 112
776,779,15 2 15,40,720375,83.77 73.5 117
777,729,2 15 15,40,720375,73.5 83.77 117
778,770,13 8 8,40,720228,82.19 78.24 112
779,751,8 13 8,40,720228,78.24 82.19 112
780,778,15 7 7,40,720176,83.77 77.45 111
781,748,7 15 7,40,720176,77.45 83.77 111
782,760,10 10 10,40,719954,79.82 79.82 113
783,758,10 10 9,40,719954,79.82 79.82 113
784,764,11 9 10,40,719884,80.61 79.03 113
785,761,11 9 9,40,719884,80.61 79.03 113
786,756,9 11 10,40,719884,79.03 80.61 113
787,754,9 11 9,40,719884,79.03 80.61 113
788,773,14 7 8,40,719809,82.98 77.45 112
789,747,7 14 8,40,719809,77.45 82.98 112
790,768,12 8 10,40,719672,81.4 78.24 113
791,765,12 8 9,40,719672,81.4 78.24 113
792,753,8 12 10,40,719672,78.24 81.4 113
793,750,8 12 9,40,719672,78.24 81.4 113
794,771,13 7 10,40,719319,82.19 77.45 113
795,768,13 7 9,40,719319,82.19 77.45 113
796,749,7 13 10,40,719319,77.45 82.19 113
797,746,7 13 9,40,719319,77.45 82.19 113
798,776,15 6 8,40,719249,83.77 76.66 112
799,743,6 15 8,40,719249,76.66 83.77 112
800,759,10 9 11,40,719134,79.82 79.03 114
801,755,9 10 11,40,719134,79.03 79.82 114
802,763,11 8 11,40,718992,80.61 78.24 114
803,751,8 11 11,40,718992,78.24 80.61 114
804,775,14 6 10,40,718825,82.98 76.66 113
805,772,14 6 9,40,718825,82.98 76.66 113
806,744,6 14 10,40,718825,76.66 82.98 113
807,742,6 14 9,40,718825,76.66 82.98 113
808,766,12 7 11,40,718707,81.4 77.45 114
809,748,7 12 11,40,718707,77.45 81.4 114
810,770,13 6 11,40,718280,82.19 76.66 114
811,743,6 13 11,40,718280,76.66 82.19 114
812,754,9 9 12,40,718260,79.03 79.03 115
813,778,15 5 10,40,718190,83.77 75.87 113
814,775,15 5 9,40,718190,83.77 75.87 113
815,740,5 15 10,40,718190,75.87 83.77 113
816,738,5 15 9,40,718190,75.87 83.77 113
817,758,10 8 12,40,718188,79.82 78.24 115
818,750,8 10 12,40,718188,78.24 79.82 115
819,762,11 7 12,40,717972,80.61 77.45 115
820,746,7 11 12,40,717972,77.45 80.61 115
821,773,14 5 11,40,717710,82.98 75.87 114
822,739,5 14 11,40,717710,75.87 82.98 114
823,765,12 6 12,40,717613,81.4 76.66 115
824,742,6 12 12,40,717613,76.66 81.4 115
825,756,9 8 14,40,717260,79.03 78.24 116
826,753,9 8 13,40,717260,79.03 78.24 116
827,752,8 9 14,40,717260,78.24 79.03 116
828,749,8 9 13,40,717260,78.24 79.03 116
829,759,10 7 14,40,717115,79.82 77.45 116
830,757,10 7 13,40,717115,79.82 77.45 116
831,748,7 10 14,40,717115,77.45 79.82 116
832,745,7 10 13,40,717115,77.45 79.82 116
833,769,13 5 12,40,717110,82.19 75.87 115
834,738,5 13 12,40,717110,75.87 82.19 115
835,777,15 4 11,40,716998,83.77 75.08 114
836,735,4 15 11,40,716998,75.08 83.77 114
837,763,11 6 14,40,716826,80.61 76.66 116
838,760,11 6 13,40,716826,80.61 76.66 116
839,744,6 11 14,40,716826,76.66 80.61 116
840,741,6 11 13,40,716826,76.66 80.61 116
841,772,14 4 12,40,716464,82.98 75.08 115
842,734,4 14 12,40,716464,75.08 82.98 115
843,766,12 5 14,40,716391,81.4 75.87 116
844,764,12 5 13,40,716391,81.4 75.87 116
845,740,5 12 14,40,716391,75.87 81.4 116
846,737,5 12 13,40,716391,75.87 81.4 116
847,750,8 8 15,40,716209,78.24 78.24 117
848,754,9 7 15,40,716136,79.03 77.45 117
849,747,7 9 15,40,716136,77.45 79.03 117
850,774,14 13 0,40,716136,82.98 82.19 105
851,770,13 14 0,40,716136,82.19 82.98 105
852,769,13 13 1,40,716071,82.19 82.19 106
853,773,14 12 1,40,716005,82.98 81.4 106
854,765,12 14 1,40,716005,81.4 82.98 106
855,777,15 12 0,40,716005,83.77 81.4 105
856,766,12 15 0,40,716005,81.4 83.77 105
857,758,10 6 15,40,715917,79.82 76.66 117
858,743,6 10 15,40,715917,76.66 79.82 117
859,768,13 12 2,40,715876,82.19 81.4 107
860,765,12 13 2,40,715876,81.4 82.19 107
861,770,13 4 14,40,715811,82.19 75.08 116
862,767,13 4 13,40,715811,82.19 75.08 116
863,736,4 13 14,40,715811,75.08 82.19 116
864,733,4 13 13,40,715811,75.08 82.19 116
865,776,15 11 1,40,715806,83.77 80.61 106
866,762,11 15 1,40,715806,80.61 83.77 106
867,772,14 11 2,40,715743,82.98 80.61 107
868,761,11 14 2,40,715743,80.61 82.98 107
869,775,15 3 12,40,715674,83.77 74.29 115
870,730,3 15 12,40,715674,74.29 83.77 115
871,764,12 12 3,40,715619,81.4 81.4 108
872,761,11 5 15,40,715552,80.61 75.87 117
873,739,5 11 15,40,715552,75.87 80.61 117
874,767,13 11 3,40,715552,82.19 80.61 108
875,760,11 13 3,40,715552,80.61 82.19 108
876,775,15 10 2,40,715475,83.77 79.82 107
877,757,10 15 2,40,715475,79.82 83.77 107
878,771,14 10 3,40,715349,82.98 79.82 108
879,756,10 14 3,40,715349,79.82 82.98 108
880,765,12 11 5,40,715233,81.4 80.61 109
881,763,12 11 4,40,715233,81.4 80.61 109
882,762,11 12 5,40,715233,80.61 81.4 109
883,759,11 12 4,40,715233,80.61 81.4 109
884,769,13 10 5,40,715097,82.19 79.82 109
885,766,13 10 4,40,715097,82.19 79.82 109
886,758,10 13 5,40,715097,79.82 82.19 109
887,755,10 13 4,40,715097,79.82 82.19 109
888,773,14 3 14,40,715087,82.98 74.29 116
889,770,14 3 13,40,715087,82.98 74.29 116
890,731,3 14 14,40,715087,74.29 82.98 116
891,729,3 14 13,40,715087,74.29 82.98 116
892,765,12 4 15,40,715040,81.4 75.08 117
893,735,4 12 15,40,715040,75.08 81.4 117
894,774,15 9 3,40,715012,83.77 79.03 108
895,752,9 15 3,40,715012,79.03 83.77 108
896,773,14 9 5,40,714825,82.98 79.03 109
897,770,14 9 4,40,714825,82.98 79.03 109
898,754,9 14 5,40,714825,79.03 82.98 109
899,751,9 14 4,40,714825,79.03 82.98 109
900,761,11 11 6,40,714787,80.61 80.61 110
901,764,12 10 6,40,714718,81.4 79.82 110
902,757,10 12 6,40,714718,79.82 81.4 110
903,768,13 9 6,40,714512,82.19 79.03 110
904,753,9 13 6,40,714512,79.03 82.19 110
905,776,15 8 5,40,714416,83.77 78.24 109
906,773,15 8 4,40,714416,83.77 78.24 109
907,750,8 15 5,40,714416,78.24 83.77 109
908,747,8 15 4,40,714416,78.24 83.77 109
909,768,13 3 15,40,714382,82.19 74.29 117
910,730,3 13 15,40,714382,74.29 82.19 117
911,776,15 2 14,40,714217,83.77 73.5 116
912,774,15 2 13,40,714217,83.77 73.5 116
913,727,2 15 14,40,714217,73.5 83.77 116
914,725,2 15 13,40,714217,73.5 83.77 116
915,760,11 10 7,40,714214,80.61 79.82 111
916,756,10 11 7,40,714214,79.82 80.61 111
917,772,14 8 6,40,714169,82.98 78.24 110
918,749,8 14 6,40,714169,78.24 82.98 110
919,763,12 9 7,40,714075,81.4 79.03 111
920,752,9 12 7,40,714075,79.03 81.4 111
921,767,13 8 7,40,713798,82.19 78.24 111
922,748,8 13 7,40,713798,78.24 82.19 111
923,775,15 7 6,40,713688,83.77 77.45 110
924,745,7 15 6,40,713688,77.45 83.77 110
925,755,10 10 8,40,713583,79.82 79.82 112
926,771,14 2 15,40,713579,82.98 73.5 117
927,726,2 14 15,40,713579,73.5 82.98 117
928,759,11 9 8,40,713513,80.61 79.03 112
929,751,9 11 8,40,713513,79.03 80.61 112
930,770,14 7 7,40,713382,82.98 77.45 111
931,744,7 14 7,40,713382,77.45 82.98 111
932,762,12 8 8,40,713303,81.4 78.24 112
933,747,8 12 8,40,713303,78.24 81.4 112
934,766,13 7 8,40,712953,82.19 77.45 112
935,743,7 13 8,40,712953,77.45 82.19 112
936,774,15 6 7,40,712827,83.77 76.66 111
937,740,6 15 7,40,712827,76.66 83.77 111
938,756,10 9 10,40,712826,79.82 79.03 113
939,754,10 9 9,40,712826,79.82 79.03 113
940,753,9 10 10,40,712826,79.03 79.82 113
941,750,9 10 9,40,712826,79.03 79.82 113
942,760,11 8 10,40,712685,80.61 78.24 113
943,758,11 8 9,40,712685,80.61 78.24 113
944,749,8 11 10,40,712685,78.24 80.61 113
945,746,8 11 9,40,712685,78.24 80.61 113
946,775,15 1 15,40,712629,83.77 72.71 117
947,722,1 15 15,40,712629,72.71 83.77 117
948,769,14 6 8,40,712464,82.98 76.66 112
949,739,6 14 8,40,712464,76.66 82.98 112
950,764,12 7 10,40,712402,81.4 77.45 113
951,761,12 7 9,40,712402,81.4 77.45 113
952,745,7 12 10,40,712402,77.45 81.4 113
953,742,7 12 9,40,712402,77.45 81.4 113
954,752,9 9 11,40,712014,79.03 79.03 114
955,767,13 6 10,40,711979,82.19 76.66 113
956,765,13 6 9,40,711979,82.19 76.66 113
957,741,6 13 10,40,711979,76.66 82.19 113
958,738,6 13 9,40,711979,76.66 82.19 113
959,755,10 8 11,40,711943,79.82 78.24 114
960,748,8 10 11,40,711943,78.24 79.82 114
961,772,15 5 8,40,711834,83.77 75.87 112
962,735,5 15 8,40,711834,75.87 83.77 112
963,759,11 7 11,40,711729,80.61 77.45 114
964,744,7 11 11,40,711729,77.45 80.61 114
965,771,14 5 10,40,711414,82.98 75.87 113
966,768,14 5 9,40,711414,82.98 75.87 113
967,737,5 14 10,40,711414,75.87 82.98 113
968,734,5 14 9,40,711414,75.87 82.98 113
969,762,12 6 11,40,711373,81.4 76.66 114
970,740,6 12 11,40,711373,76.66 81.4 114
971,750,9 8 12,40,711077,79.03 78.24 115
972,747,8 9 12,40,711077,78.24 79.03 115
973,754,10 7 12,40,710933,79.82 77.45 115
974,743,7 10 12,40,710933,77.45 79.82 115
975,766,13 5 11,40,710875,82.19 75.87 114
976,736,5 13 11,40,710875,75.87 82.19 114
977,774,15 4 10,40,710709,83.77 75.08 113
978,771,15 4 9,40,710709,83.77 75.08 113
979,733,4 15 10,40,710709,75.08 83.77 113
980,730,4 15 9,40,710709,75.08 83.77 113
981,758,11 6 12,40,710646,80.61 76.66 115
982,739,6 11 12,40,710646,76.66 80.61 115
983,769,14 4 11,40,710234,82.98 75.08 114
984,732,4 14 11,40,710234,75.08 82.98 114
985,761,12 5 12,40,710215,81.4 75.87 115
986,735,5 12 12,40,710215,75.87 81.4 115
987,748,8 8 14,40,710088,78.24 78.24 116
988,745,8 8 13,40,710088,78.24 78.24 116
989,752,9 7 14,40,710015,79.03 77.45 116
990,749,9 7 13,40,710015,79.03 77.45 116
991,744,7 9 14,40,710015,77.45 79.03 116
992,742,7 9 13,40,710015,77.45 79.03 116
993,755,10 6 14,40,709798,79.82 76.66 116
994,753,10 6 13,40,709798,79.82 76.66 116
995,740,6 10 14,40,709798,76.66 79.82 116
996,738,6 10 13,40,709798,76.66 79.82 116
997,764,13 4 12,40,709641,82.19 75.08 115
998,731,4 13 12,40,709641,75.08 82.19 115
999,772,15 3 11,40,709451,83.77 74.29 114
1000,727,3 15 11,40,709451,74.29 83.77 114
1001,759,11 5 14,40,709436,80.61 75.87 116
1002,756,11 5 13,40,709436,80.61 75.87 116
1003,736,5 11 14,40,709436,75.87 80.61 116
1004,734,5 11 13,40,709436,75.87 80.61 116
1005,766,13 13 0,40,709316,82.19 82.19 105
1006,770,14 12 0,40,709250,82.98 81.4 105
1007,763,12 14 0,40,709250,81.4 82.98 105
1008,765,13 12 1,40,709186,82.19 81.4 106
1009,762,12 13 1,40,709186,81.4 82.19 106
1010,769,14 11 1,40,709053,82.98 80.61 106
1011,758,11 14 1,40,709053,80.61 82.98 106
1012,774,15 11 0,40,709053,83.77 80.61 105
1013,759,11 15 0,40,709053,80.61 83.77 105
1014,761,12 12 2,40,708993,81.4 81.4 107
1015,747,8 7 15,40,708975,78.24 77.45 117
1016,743,7 8 15,40,708975,77.45 78.24 117
1017,762,12 4 14,40,708929,81.4 75.08 116
1018,760,12 4 13,40,708929,81.4 75.08 116
1019,732,4 12 14,40,708929,75.08 81.4 116
1020,730,4 12 13,40,708929,75.08 81.4 116
1021,765,13 11 2,40,708926,82.19 80.61 107
1022,757,11 13 2,40,708926,80.61 82.19 107
1023,768,14 3 12,40,708922,82.98 74.29 115
1024,726,3 14 12,40,708922,74.29 82.98 115
1025,750,9 6 15,40,708829,79.03 76.66 117
1026,739,6 9 15,40,708829,76.66 79.03 117
1027,773,15 10 1,40,708789,83.77 79.82 106
1028,754,10 15 1,40,708789,79.82 83.77 106
1029,768,14 10 2,40,708726,82.98 79.82 107
1030,753,10 14 2,40,708726,79.82 82.98 107
1031,760,12 11 3,40,708671,81.4 80.61 108
1032,756,11 12 3,40,708671,80.61 81.4 108
1033,754,10 5 15,40,708536,79.82 75.87 117
1034,735,5 10 15,40,708536,75.87 79.82 117
1035,764,13 10 3,40,708536,82.19 79.82 108
1036,752,10 13 3,40,708536,79.82 82.19 108
1037,772,15 9 2,40,708391,83.77 79.03 107
1038,749,9 15 2,40,708391,79.03 83.77 107
1039,758,11 11 5,40,708289,80.61 80.61 109
1040,755,11 11 4,40,708289,80.61 80.61 109
1041,766,13 3 14,40,708277,82.19 74.29 116
1042,763,13 3 13,40,708277,82.19 74.29 116
1043,728,3 13 14,40,708277,74.29 82.19 116
1044,725,3 13 13,40,708277,74.29 82.19 116
1045,767,14 9 3,40,708267,82.98 79.03 108
1046,749,9 14 3,40,708267,79.03 82.98 108
1047,762,12 10 5,40,708221,81.4 79.82 109
1048,759,12 10 4,40,708221,81.4 79.82 109
1049,754,10 12 5,40,708221,79.82 81.4 109
1050,752,10 12 4,40,708221,79.82 81.4 109
1051,757,11 4 15,40,708098,80.61 75.08 117
1052,731,4 11 15,40,708098,75.08 80.61 117
1053,771,15 2 12,40,708060,83.77 73.5 115
1054,722,2 15 12,40,708060,73.5 83.77 115
1055,765,13 9 5,40,708017,82.19 79.03 109
1056,763,13 9 4,40,708017,82.19 79.03 109
1057,750,9 13 5,40,708017,79.03 82.19 109
1058,748,9 13 4,40,708017,79.03 82.19 109
1059,771,15 8 3,40,707862,83.77 78.24 108
1060,745,8 15 3,40,707862,78.24 83.77 108
1061,757,11 10 6,40,707779,80.61 79.82 110
1062,753,10 11 6,40,707779,79.82 80.61 110
1063,769,14 8 5,40,707676,82.98 78.24 109
1064,766,14 8 4,40,707676,82.98 78.24 109
1065,747,8 14 5,40,707676,78.24 82.98 109
1066,744,8 14 4,40,707676,78.24 82.98 109
1067,761,12 9 6,40,707642,81.4 79.03 110
1068,750,9 12 6,40,707642,79.03 81.4 110
1069,761,12 3 15,40,707513,81.4 74.29 117
1070,727,3 12 15,40,707513,74.29 81.4 117
1071,769,14 2 14,40,707480,82.98 73.5 116
1072,766,14 2 13,40,707480,82.98 73.5 116
1073,724,2 14 14,40,707480,73.5 82.98 116
1074,721,2 14 13,40,707480,73.5 82.98 116
1075,764,13 8 6,40,707367,82.19 78.24 110
1076,746,8 13 6,40,707367,78.24 82.19 110
1077,752,10 10 7,40,707212,79.82 79.82 111
1078,772,15 7 5,40,707200,83.77 77.45 109
1079,769,15 7 4,40,707200,83.77 77.45 109
1080,742,7 15 5,40,707200,77.45 83.77 109
1081,740,7 15 4,40,707200,77.45 83.77 109
1082,756,11 9 7,40,707142,80.61 79.03 111
1083,749,9 11 7,40,707142,79.03 80.61 111
1084,768,14 7 6,40,706955,82.98 77.45 110
1085,742,7 14 6,40,706955,77.45 82.98 110
1086,760,12 8 7,40,706934,81.4 78.24 111
1087,745,8 12 7,40,706934,78.24 81.4 111
1088,764,13 2 15,40,706783,82.19 73.5 117
1089,723,2 13 15,40,706783,73.5 82.19 117
1090,763,13 7 7,40,706588,82.19 77.45 111
1091,741,7 13 7,40,706588,77.45 82.19 111
1092,772,15 1 14,40,706538,83.77 72.71 116
1093,769,15 1 13,40,706538,83.77 72.71 116
1094,719,1 15 14,40,706538,72.71 83.77 116
1095,717,1 15 13,40,706538,72.71 83.77 116
1096,751,10 9 8,40,706518,79.82 79.03 112
1097,747,9 10 8,40,706518,79.03 79.82 112
1098,771,15 6 6,40,706405,83.77 76.66 110
1099,738,6 15 6,40,706405,76.66 83.77 110
1100,755,11 8 8,40,706378,80.61 78.24 112
1101,744,8 11 8,40,706378,78.24 80.61 112
1102,766,14 6 7,40,706102,82.98 76.66 111
1103,737,6 14 7,40,706102,76.66 82.98 111
1104,758,12 7 8,40,706098,81.4 77.45 112
1105,740,7 12 8,40,706098,77.45 81.4 112
1106,767,14 1 15,40,705906,82.98 72.71 117
1107,718,1 14 15,40,705906,72.71 82.98 117
1108,749,9 9 10,40,705768,79.03 79.03 113
1109,746,9 9 9,40,705768,79.03 79.03 113
1110,753,10 8 10,40,705698,79.82 78.24 113
1111,750,10 8 9,40,705698,79.82 78.24 113
1112,745,8 10 10,40,705698,78.24 79.82 113
1113,743,8 10 9,40,705698,78.24 79.82 113
1114,762,13 6 8,40,705678,82.19 76.66 112
1115,736,6 13 8,40,705678,76.66 82.19 112
1116,756,11 7 10,40,705486,80.61 77.45 113
1117,754,11 7 9,40,705486,80.61 77.45 113
1118,741,7 11 10,40,705486,77.45 80.61 113
1119,739,7 11 9,40,705486,77.45 80.61 113
1120,770,15 5 7,40,705478,83.77 75.87 111
1121,733,5 15 7,40,705478,75.87 83.77 111
1122,760,12 6 10,40,705133,81.4 76.66 113
1123,757,12 6 9,40,705133,81.4 76.66 113
1124,737,6 12 10,40,705133,76.66 81.4 113
1125,735,6 12 9,40,705133,76.66 81.4 113
1126,765,14 5 8,40,705119,82.98 75.87 112
1127,732,5 14 8,40,705119,75.87 82.98 112
1128,748,9 8 11,40,704894,79.03 78.24 114
1129,744,8 9 11,40,704894,78.24 79.03 114
1130,770,15 0 15,40,704883,83.77 71.92 117
1131,714,0 15 15,40,704883,71.92 83.77 117
1132,751,10 7 11,40,704751,79.82 77.45 114
1133,740,7 10 11,40,704751,77.45 79.82 114
1134,763,13 5 10,40,704639,82.19 75.87 113
1135,761,13 5 9,40,704639,82.19 75.87 113
1136,733,5 13 10,40,704639,75.87 82.19 113
1137,731,5 13 9,40,704639,75.87 82.19 113
1138,755,11 6 11,40,704467,80.61 76.66 114
1139,736,6 11 11,40,704467,76.66 80.61 114
1140,768,15 4 8,40,704419,83.77 75.08 112
1141,727,4 15 8,40,704419,75.08 83.77 112
1142,758,12 5 11,40,704039,81.4 75.87 114
1143,732,5 12 11,40,704039,75.87 81.4 114
1144,767,14 4 10,40,704004,82.98 75.08 113
1145,764,14 4 9,40,704004,82.98 75.08 113
1146,729,4 14 10,40,704004,75.08 82.98 113
1147,727,4 14 9,40,704004,75.08 82.98 113
1148,743,8 8 12,40,703966,78.24 78.24 115
1149,747,9 7 12,40,703894,79.03 77.45 115
1150,739,7 9 12,40,703894,77.45 79.03 115
1151,750,10 6 12,40,703679,79.82 76.66 115
1152,735,6 10 12,40,703679,76.66 79.82 115
1153,762,13 4 11,40,703470,82.19 75.08 114
1154,728,4 13 11,40,703470,75.08 82.19 114
1155,754,11 5 12,40,703320,80.61 75.87 115
1156,731,5 11 12,40,703320,75.87 80.61 115
1157,770,15 3 10,40,703227,83.77 74.29 113
1158,767,15 3 9,40,703227,83.77 74.29 113
1159,725,3 15 10,40,703227,74.29 83.77 113
1160,722,3 15 9,40,703227,74.29 83.77 113
1161,744,8 7 14,40,702915,78.24 77.45 116
1162,742,8 7 13,40,702915,78.24 77.45 116
1163,740,7 8 14,40,702915,77.45 78.24 116
1164,738,7 8 13,40,702915,77.45 78.24 116
1165,757,12 4 12,40,702817,81.4 75.08 115
1166,727,4 12 12,40,702817,75.08 81.4 115
1167,748,9 6 14,40,702770,79.03 76.66 116
1168,745,9 6 13,40,702770,79.03 76.66 116
1169,737,6 9 14,40,702770,76.66 79.03 116
1170,734,6 9 13,40,702770,76.66 79.03 116
1171,765,14 3 11,40,702758,82.98 74.29 114
1172,724,3 14 11,40,702758,74.29 82.98 114
1173,763,13 12 0,40,702495,82.19 81.4 105
1174,759,12 13 0,40,702495,81.4 82.19 105
1175,751,10 5 14,40,702480,79.82 75.87 116
1176,749,10 5 13,40,702480,79.82 75.87 116
1177,733,5 10 14,40,702480,75.87 79.82 116
1178,730,5 10 13,40,702480,75.87 79.82 116
1179,758,12 12 1,40,702367,81.4 81.4 106
1180,766,14 11 0,40,702364,82.98 80.61 105
1181,755,11 14 0,40,702364,80.61 82.98 105
1182,762,13 11 1,40,702301,82.19 80.61 106
1183,754,11 13 1,40,702301,80.61 82.19 106
1184,760,13 3 12,40,702171,82.19 74.29 115
1185,723,3 13 12,40,702171,74.29 82.19 115
1186,757,12 11 2,40,702109,81.4 80.61 107
1187,754,11 12 2,40,702109,80.61 81.4 107
1188,765,14 10 1,40,702102,82.98 79.82 106
1189,751,10 14 1,40,702102,79.82 82.98 106
1190,770,15 10 0,40,702102,83.77 79.82 105
1191,751,10 15 0,40,702102,79.82 83.77 105
1192,755,11 4 14,40,702046,80.61 75.08 116
1193,752,11 4 13,40,702046,80.61 75.08 116
1194,729,4 11 14,40,702046,75.08 80.61 116
1195,726,4 11 13,40,702046,75.08 80.61 116
1196,761,13 10 2,40,701976,82.19 79.82 107
1197,750,10 13 2,40,701976,79.82 82.19 107
1198,768,15 2 11,40,701903,83.77 73.5 114
1199,720,2 15 11,40,701903,73.5 83.77 114
1200,739,7 7 15,40,701813,77.45 77.45 117
1201,753,11 11 3,40,701791,80.61 80.61 108
1202,769,15 9 1,40,701771,83.77 79.03 106
1203,747,9 15 1,40,701771,79.03 83.77 106
1204,743,8 6 15,40,701740,78.24 76.66 117
1205,735,6 8 15,40,701740,76.66 78.24 117
1206,756,12 10 3,40,701723,81.4 79.82 108
1207,749,10 12 3,40,701723,79.82 81.4 108
1208,764,14 9 2,40,701708,82.98 79.03 107
1209,746,9 14 2,40,701708,79.03 82.98 107
1210,746,9 5 15,40,701521,79.03 75.87 117
1211,731,5 9 15,40,701521,75.87 79.03 117
1212,760,13 9 3,40,701521,82.19 79.03 108
1213,745,9 13 3,40,701521,79.03 82.19 108
1214,758,12 3 14,40,701466,81.4 74.29 116
1215,756,12 3 13,40,701466,81.4 74.29 116
1216,724,3 12 14,40,701466,74.29 81.4 116
1217,722,3 12 13,40,701466,74.29 81.4 116
1218,764,14 2 12,40,701381,82.98 73.5 115
1219,719,2 14 12,40,701381,73.5 82.98 115
1220,754,11 10 5,40,701345,80.61 79.82 109
1221,752,11 10 4,40,701345,80.61 79.82 109
1222,751,10 11 5,40,701345,79.82 80.61 109
1223,748,10 11 4,40,701345,79.82 80.61 109
1224,768,15 8 2,40,701308,83.77 78.24 107
1225,742,8 15 2,40,701308,78.24 83.77 107
1226,758,12 9 5,40,701209,81.4 79.03 109
1227,755,12 9 4,40,701209,81.4 79.03 109
1228,747,9 12 5,40,701209,79.03 81.4 109
1229,744,9 12 4,40,701209,79.03 81.4 109
1230,763,14 8 3,40,701184,82.98 78.24 108
1231,741,8 14 3,40,701184,78.24 82.98 108
1232,750,10 4 15,40,701156,79.82 75.08 117
1233,727,4 10 15,40,701156,75.08 79.82 117
1234,761,13 8 5,40,700937,82.19 78.24 109
1235,759,13 8 4,40,700937,82.19 78.24 109
1236,743,8 13 5,40,700937,78.24 82.19 109
1237,740,8 13 4,40,700937,78.24 82.19 109
1238,750,10 10 6,40,700840,79.82 79.82 110
1239,753,11 9 6,40,700772,80.61 79.03 110
1240,746,9 11 6,40,700772,79.03 80.61 110
1241,762,13 2 14,40,700742,82.19 73.5 116
1242,759,13 2 13,40,700742,82.19 73.5 116
1243,720,2 13 14,40,700742,73.5 82.19 116
1244,718,2 13 13,40,700742,73.5 82.19 116
1245,767,15 7 3,40,700712,83.77 77.45 108
1246,737,7 15 3,40,700712,77.45 83.77 108
1247,753,11 3 15,40,700644,80.61 74.29 117
1248,723,3 11 15,40,700644,74.29 80.61 117
1249,757,12 8 6,40,700566,81.4 78.24 110
1250,742,8 12 6,40,700566,78.24 81.4 110
1251,765,14 7 5,40,700528,82.98 77.45 109
1252,762,14 7 4,40,700528,82.98 77.45 109
1253,739,7 14 5,40,700528,77.45 82.98 109
1254,736,7 14 4,40,700528,77.45 82.98 109
1255,767,15 1 12,40,700447,83.77 72.71 115
1256,714,1 15 12,40,700447,72.71 83.77 115
1257,760,13 7 6,40,700222,82.19 77.45 110
1258,738,7 13 6,40,700222,77.45 82.19 110
1259,749,10 9 7,40,700210,79.82 79.03 111
1260,745,9 10 7,40,700210,79.03 79.82 111
1261,752,11 8 7,40,700071,80.61 78.24 111
1262,741,8 11 7,40,700071,78.24 80.61 111
1263,757,12 2 15,40,699987,81.4 73.5 117
1264,719,2 12 15,40,699987,73.5 81.4 117
1265,768,15 6 5,40,699983,83.77 76.66 109
1266,765,15 6 4,40,699983,83.77 76.66 109
1267,735,6 15 5,40,699983,76.66 83.77 109
1268,732,6 15 4,40,699983,76.66 83.77 109
1269,765,14 1 14,40,699872,82.98 72.71 116
1270,762,14 1 13,40,699872,82.98 72.71 116
1271,716,1 14 14,40,699872,72.71 82.98 116
1272,713,1 14 13,40,699872,72.71 82.98 116
1273,756,12 7 7,40,699794,81.4 77.45 111
1274,737,7 12 7,40,699794,77.45 81.4 111
1275,764,14 6 6,40,699741,82.98 76.66 110
1276,734,6 14 6,40,699741,76.66 82.98 110
1277,744,9 9 8,40,699522,79.03 79.03 112
1278,747,10 8 8,40,699453,79.82 78.24 112
1279,740,8 10 8,40,699453,78.24 79.82 112
1280,759,13 6 7,40,699378,82.19 76.66 111
1281,733,6 13 7,40,699378,76.66 82.19 111
1282,751,11 7 8,40,699243,80.61 77.45 112
1283,736,7 11 8,40,699243,77.45 80.61 112
1284,760,13 1 15,40,699183,82.19 72.71 117
1285,715,1 13 15,40,699183,72.71 82.19 117
1286,767,15 5 6,40,699123,83.77 75.87 110
1287,730,5 15 6,40,699123,75.87 83.77 110
1288,755,12 6 8,40,698893,81.4 76.66 112
1289,732,6 12 8,40,698893,76.66 81.4 112
1290,768,15 0 14,40,698858,83.77 71.92 116
1291,765,15 0 13,40,698858,83.77 71.92 116
1292,711,0 15 14,40,698858,71.92 83.77 116
1293,709,0 15 13,40,698858,71.92 83.77 116
1294,762,14 5 7,40,698823,82.98 75.87 111
1295,729,5 14 7,40,698823,75.87 82.98 111
1296,745,9 8 10,40,698711,79.03 78.24 113
1297,743,9 8 9,40,698711,79.03 78.24 113
1298,741,8 9 10,40,698711,78.24 79.03 113
1299,739,8 9 9,40,698711,78.24 79.03 113
1300,749,10 7 10,40,698569,79.82 77.45 113
1301,746,10 7 9,40,698569,79.82 77.45 113
1302,738,7 10 10,40,698569,77.45 79.82 113
1303,735,7 10 9,40,698569,77.45 79.82 113
1304,758,13 5 8,40,698403,82.19 75.87 112
1305,728,5 13 8,40,698403,75.87 82.19 112
1306,752,11 6 10,40,698287,80.61 76.66 113
1307,750,11 6 9,40,698287,80.61 76.66 113
1308,734,6 11 10,40,698287,76.66 80.61 113
1309,731,6 11 9,40,698287,76.66 80.61 113
1310,763,14 0 15,40,698233,82.98 71.92 117
1311,710,0 14 15,40,698233,71.92 82.98 117
1312,766,15 4 7,40,698130,83.77 75.08 111
1313,725,4 15 7,40,698130,75.08 83.77 111
1314,756,12 5 10,40,697864,81.4 75.87 113
1315,753,12 5 9,40,697864,81.4 75.87 113
1316,730,5 12 10,40,697864,75.87 81.4 113
1317,727,5 12 9,40,697864,75.87 81.4 113
1318,740,8 8 11,40,697845,78.24 78.24 114
1319,744,9 7 11,40,697774,79.03 77.45 114
1320,737,7 9 11,40,697774,77.45 79.03 114
1321,761,14 4 8,40,697774,82.98 75.08 112
1322,724,4 14 8,40,697774,75.08 82.98 112
1323,748,10 6 11,40,697560,79.82 76.66 114
1324,733,6 10 11,40,697560,76.66 79.82 114
1325,759,13 4 10,40,697299,82.19 75.08 113
1326,757,13 4 9,40,697299,82.19 75.08 113
1327,726,4 13 10,40,697299,75.08 82.19 113
1328,723,4 13 9,40,697299,75.08 82.19 113
1329,751,11 5 11,40,697204,80.61 75.87 114
1330,729,5 11 11,40,697204,75.87 80.61 114
1331,764,15 3 8,40,697004,83.77 74.29 112
1332,720,3 15 8,40,697004,74.29 83.77 112
1333,739,8 7 12,40,696856,78.24 77.45 115
1334,735,7 8 12,40,696856,77.45 78.24 115
1335,743,9 6 12,40,696712,79.03 76.66 115
1336,732,6 9 12,40,696712,76.66 79.03 115
1337,755,12 4 11,40,696706,81.4 75.08 114
1338,725,4 12 11,40,696706,75.08 81.4 114
1339,762,14 3 10,40,696593,82.98 74.29 113
1340,760,14 3 9,40,696593,82.98 74.29 113
1341,721,3 14 10,40,696593,74.29 82.98 113
1342,719,3 14 9,40,696593,74.29 82.98 113
1343,746,10 5 12,40,696425,79.82 75.87 115
1344,728,5 10 12,40,696425,75.87 79.82 115
1345,758,13 3 11,40,696065,82.19 74.29 114
1346,720,3 13 11,40,696065,74.29 82.19 114
1347,750,11 4 12,40,695994,80.61 75.08 115
1348,724,4 11 12,40,695994,75.08 80.61 115
1349,737,7 7 14,40,695815,77.45 77.45 116
1350,734,7 7 13,40,695815,77.45 77.45 116
1351,766,15 2 10,40,695746,83.77 73.5 113
1352,763,15 2 9,40,695746,83.77 73.5 113
1353,717,2 15 10,40,695746,73.5 83.77 113
1354,715,2 15 9,40,695746,73.5 83.77 113
1355,740,8 6 14,40,695743,78.24 76.66 116
1356,738,8 6 13,40,695743,78.24 76.66 116
1357,733,6 8 14,40,695743,76.66 78.24 116
1358,730,6 8 13,40,695743,76.66 78.24 116
1359,755,12 12 0,40,695741,81.4 81.4 105
1360,759,13 11 0,40,695675,82.19 80.61 105
1361,752,11 13 0,40,695675,80.61 82.19 105
1362,754,12 11 1,40,695548,81.4 80.61 106
1363,751,11 12 1,40,695548,80.61 81.4 106
1364,744,9 5 14,40,695525,79.03 75.87 116
1365,741,9 5 13,40,695525,79.03 75.87 116
1366,729,5 9 14,40,695525,75.87 79.03 116
1367,726,5 9 13,40,695525,75.87 79.03 116
1368,762,14 10 0,40,695478,82.98 79.82 105
1369,748,10 14 0,40,695478,79.82 82.98 105
1370,753,12 3 12,40,695419,81.4 74.29 115
1371,719,3 12 12,40,695419,74.29 81.4 115
1372,758,13 10 1,40,695415,82.19 79.82 106
1373,747,10 13 1,40,695415,79.82 82.19 106
1374,750,11 11 2,40,695293,80.61 80.61 107
1375,761,14 2 11,40,695282,82.98 73.5 114
1376,716,2 14 11,40,695282,73.5 82.98 114
1377,753,12 10 2,40,695226,81.4 79.82 107
1378,746,10 12 2,40,695226,79.82 81.4 107
1379,747,10 4 14,40,695163,79.82 75.08 116
1380,745,10 4 13,40,695163,79.82 75.08 116
1381,725,4 10 14,40,695163,75.08 79.82 116
1382,722,4 10 13,40,695163,75.08 79.82 116
1383,761,14 9 1,40,695150,82.98 79.03 106
1384,743,9 14 1,40,695150,79.03 82.98 106
1385,766,15 9 0,40,695150,83.77 79.03 105
1386,744,9 15 0,40,695150,79.03 83.77 105
1387,757,13 9 2,40,695026,82.19 79.03 107
1388,742,9 13 2,40,695026,79.03 82.19 107
1389,749,11 10 3,40,694911,80.61 79.82 108
1390,745,10 11 3,40,694911,79.82 80.61 108
1391,752,12 9 3,40,694776,81.4 79.03 108
1392,741,9 12 3,40,694776,79.03 81.4 108
1393,765,15 8 1,40,694753,83.77 78.24 106
1394,739,8 15 1,40,694753,78.24 83.77 106
1395,756,13 2 12,40,694701,82.19 73.5 115
1396,715,2 13 12,40,694701,73.5 82.19 115
1397,760,14 8 2,40,694691,82.98 78.24 107
1398,738,8 14 2,40,694691,78.24 82.98 107
1399,751,11 3 14,40,694656,80.61 74.29 116
1400,748,11 3 13,40,694656,80.61 74.29 116
1401,721,3 11 14,40,694656,74.29 80.61 116
1402,718,3 11 13,40,694656,74.29 80.61 116
1403,735,7 6 15,40,694652,77.45 76.66 117
1404,732,6 7 15,40,694652,76.66 77.45 117
1405,739,8 5 15,40,694506,78.24 75.87 117
1406,728,5 8 15,40,694506,75.87 78.24 117
1407,756,13 8 3,40,694506,82.19 78.24 108
1408,738,8 13 3,40,694506,78.24 82.19 108
1409,747,10 10 5,40,694469,79.82 79.82 109
1410,744,10 10 4,40,694469,79.82 79.82 109
1411,751,11 9 5,40,694401,80.61 79.03 109
1412,748,11 9 4,40,694401,80.61 79.03 109
1413,743,9 11 5,40,694401,79.03 80.61 109
1414,741,9 11 4,40,694401,79.03 80.61 109
1415,764,15 1 11,40,694356,83.77 72.71 114
1416,712,1 15 11,40,694356,72.71 83.77 114
1417,764,15 7 2,40,694224,83.77 77.45 107
1418,734,7 15 2,40,694224,77.45 83.77 107
1419,743,9 4 15,40,694214,79.03 75.08 117
1420,724,4 9 15,40,694214,75.08 79.03 117
1421,754,12 8 5,40,694197,81.4 78.24 109
1422,751,12 8 4,40,694197,81.4 78.24 109
1423,739,8 12 5,40,694197,78.24 81.4 109
1424,737,8 12 4,40,694197,78.24 81.4 109
1425,759,14 7 3,40,694101,82.98 77.45 108
1426,734,7 14 3,40,694101,77.45 82.98 108
1427,754,12 2 14,40,694004,81.4 73.5 116
1428,752,12 2 13,40,694004,81.4 73.5 116
1429,717,2 12 14,40,694004,73.5 81.4 116
1430,714,2 12 13,40,694004,73.5 81.4 116
1431,746,10 9 6,40,693901,79.82 79.03 110
1432,742,9 10 6,40,693901,79.03 79.82 110
1433,758,13 7 5,40,693856,82.19 77.45 109
1434,755,13 7 4,40,693856,82.19 77.45 109
1435,735,7 13 5,40,693856,77.45 82.19 109
1436,733,7 13 4,40,693856,77.45 82.19 109
1437,760,14 1 12,40,693839,82.98 72.71 115
1438,711,1 14 12,40,693839,72.71 82.98 115
1439,746,10 3 15,40,693775,79.82 74.29 117
1440,720,3 10 15,40,693775,74.29 79.82 117
1441,750,11 8 6,40,693764,80.61 78.24 110
1442,738,8 11 6,40,693764,78.24 80.61 110
1443,763,15 6 3,40,693562,83.77 76.66 108
1444,730,6 15 3,40,693562,76.66 83.77 108
1445,753,12 7 6,40,693489,81.4 77.45 110
1446,735,7 12 6,40,693489,77.45 81.4 110
1447,761,14 6 5,40,693380,82.98 76.66 109
1448,758,14 6 4,40,693380,82.98 76.66 109
1449,731,6 14 5,40,693380,76.66 82.98 109
1450,729,6 14 4,40,693380,76.66 82.98 109
1451,741,9 9 7,40,693277,79.03 79.03 111
1452,757,13 1 14,40,693207,82.19 72.71 116
1453,755,13 1 13,40,693207,82.19 72.71 116
1454,712,1 13 14,40,693207,72.71 82.19 116
1455,710,1 13 13,40,693207,72.71 82.19 116
1456,745,10 8 7,40,693207,79.82 78.24 111
1457,737,8 10 7,40,693207,78.24 79.82 111
1458,749,11 2 15,40,693191,80.61 73.5 117
1459,716,2 11 15,40,693191,73.5 80.61 117
1460,756,13 6 6,40,693077,82.19 76.66 110
1461,731,6 13 6,40,693077,76.66 82.19 110
1462,748,11 7 7,40,692999,80.61 77.45 111
1463,734,7 11 7,40,692999,77.45 80.61 111
1464,763,15 0 12,40,692833,83.77 71.92 115
1465,707,0 15 12,40,692833,71.92 83.77 115
1466,764,15 5 5,40,692767,83.77 75.87 109
1467,762,15 5 4,40,692767,83.77 75.87 109
1468,727,5 15 5,40,692767,75.87 83.77 109
1469,725,5 15 4,40,692767,75.87 83.77 109
1470,752,12 6 7,40,692653,81.4 76.66 111
1471,730,6 12 7,40,692653,76.66 81.4 111
1472,740,9 8 8,40,692527,79.03 78.24 112
1473,736,8 9 8,40,692527,78.24 79.03 112
1474,760,14 5 6,40,692527,82.98 75.87 110
1475,726,5 14 6,40,692527,75.87 82.98 110
1476,753,12 1 15,40,692460,81.4 72.71 117
1477,711,1 12 15,40,692460,72.71 81.4 117
1478,744,10 7 8,40,692387,79.82 77.45 112
1479,733,7 10 8,40,692387,77.45 79.82 112
1480,761,14 0 14,40,692265,82.98 71.92 116
1481,758,14 0 13,40,692265,82.98 71.92 116
1482,708,0 14 14,40,692265,71.92 82.98 116
1483,706,0 14 13,40,692265,71.92 82.98 116
1484,755,13 5 7,40,692167,82.19 75.87 111
1485,726,5 13 7,40,692167,75.87 82.19 111
1486,747,11 6 8,40,692108,80.61 76.66 112
1487,729,6 11 8,40,692108,76.66 80.61 112
1488,763,15 4 6,40,691840,83.77 75.08 110
1489,722,4 15 6,40,691840,75.08 83.77 110
1490,738,8 8 10,40,691723,78.24 78.24 113
1491,735,8 8 9,40,691723,78.24 78.24 113
1492,751,12 5 8,40,691688,81.4 75.87 112
1493,725,5 12 8,40,691688,75.87 81.4 112
1494,741,9 7 10,40,691653,79.03 77.45 113
1495,739,9 7 9,40,691653,79.03 77.45 113
1496,734,7 9 10,40,691653,77.45 79.03 113
1497,731,7 9 9,40,691653,77.45 79.03 113
1498,756,13 0 15,40,691583,82.19 71.92 117
1499,707,0 13 15,40,691583,71.92 82.19 117
1500,759,14 4 7,40,691544,82.98 75.08 111
1501,721,4 14 7,40,691544,75.08 82.98 111
1502,745,10 6 10,40,691441,79.82 76.66 113
1503,742,10 6 9,40,691441,79.82 76.66 113
1504,730,6 10 10,40,691441,76.66 79.82 113
1505,728,6 10 9,40,691441,76.66 79.82 113
1506,754,13 4 8,40,691128,82.19 75.08 112
1507,721,4 13 8,40,691128,75.08 82.19 112
1508,749,11 5 10,40,691088,80.61 75.87 113
1509,746,11 5 9,40,691088,80.61 75.87 113
1510,726,5 11 10,40,691088,75.87 80.61 113
1511,724,5 11 9,40,691088,75.87 80.61 113
1512,737,8 7 11,40,690796,78.24 77.45 114
1513,733,7 8 11,40,690796,77.45 78.24 114
1514,762,15 3 7,40,690781,83.77 74.29 111
1515,717,3 15 7,40,690781,74.29 83.77 111
1516,740,9 6 11,40,690654,79.03 76.66 114
1517,729,6 9 11,40,690654,76.66 79.03 114
1518,752,12 4 10,40,690594,81.4 75.08 113
1519,749,12 4 9,40,690594,81.4 75.08 113
1520,722,4 12 10,40,690594,75.08 81.4 113
1521,720,4 12 9,40,690594,75.08 81.4 113
1522,757,14 3 8,40,690429,82.98 74.29 112
1523,716,3 14 8,40,690429,74.29 82.98 112
1524,744,10 5 11,40,690369,79.82 75.87 114
1525,725,5 10 11,40,690369,75.87 79.82 114
1526,755,13 3 10,40,689959,82.19 74.29 113
1527,753,13 3 9,40,689959,82.19 74.29 113
1528,718,3 13 10,40,689959,74.29 82.19 113
1529,715,3 13 9,40,689959,74.29 82.19 113
1530,747,11 4 11,40,689942,80.61 75.08 114
1531,721,4 11 11,40,689942,75.08 80.61 114
1532,732,7 7 12,40,689817,77.45 77.45 115
1533,735,8 6 12,40,689745,78.24 76.66 115
1534,728,6 8 12,40,689745,76.66 78.24 115
1535,760,15 2 8,40,689589,83.77 73.5 112
1536,712,2 15 8,40,689589,73.5 83.77 112
1537,739,9 5 12,40,689529,79.03 75.87 115
1538,724,5 9 12,40,689529,75.87 79.03 115
1539,751,12 3 11,40,689372,81.4 74.29 114
1540,717,3 12 11,40,689372,74.29 81.4 114
1541,758,14 2 10,40,689183,82.98 73.5 113
1542,756,14 2 9,40,689183,82.98 73.5 113
1543,714,2 14 10,40,689183,73.5 82.98 113
1544,711,2 14 9,40,689183,73.5 82.98 113
1545,742,10 4 12,40,689170,79.82 75.08 115
1546,720,4 10 12,40,689170,75.08 79.82 115
1547,752,12 11 0,40,688986,81.4 80.61 105
1548,748,11 12 0,40,688986,80.61 81.4 105
1549,755,13 10 0,40,688855,82.19 79.82 105
1550,744,10 13 0,40,688855,79.82 82.19 105
1551,747,11 11 1,40,688795,80.61 80.61 106
1552,751,12 10 1,40,688729,81.4 79.82 106
1553,743,10 12 1,40,688729,79.82 81.4 106
1554,733,7 6 14,40,688715,77.45 76.66 116
1555,730,7 6 13,40,688715,77.45 76.66 116
1556,729,6 7 14,40,688715,76.66 77.45 116
1557,727,6 7 13,40,688715,76.66 77.45 116
1558,746,11 3 12,40,688667,80.61 74.29 115
1559,716,3 11 12,40,688667,74.29 80.61 115
1560,754,13 2 11,40,688660,82.19 73.5 114
1561,713,2 13 11,40,688660,73.5 82.19 114
1562,759,14 9 0,40,688592,82.98 79.03 105
1563,740,9 14 0,40,688592,79.03 82.98 105
1564,737,8 5 14,40,688570,78.24 75.87 116
1565,734,8 5 13,40,688570,78.24 75.87 116
1566,725,5 8 14,40,688570,75.87 78.24 116
1567,723,5 8 13,40,688570,75.87 78.24 116
1568,754,13 9 1,40,688530,82.19 79.03 106
1569,740,9 13 1,40,688530,79.03 82.19 106
1570,746,11 10 2,40,688476,80.61 79.82 107
1571,742,10 11 2,40,688476,79.82 80.61 107
1572,750,12 9 2,40,688343,81.4 79.03 107
1573,739,9 12 2,40,688343,79.03 81.4 107
1574,740,9 4 14,40,688280,79.03 75.08 116
1575,738,9 4 13,40,688280,79.03 75.08 116
1576,721,4 9 14,40,688280,75.08 79.03 116
1577,719,4 9 13,40,688280,75.08 79.03 116
1578,762,15 1 10,40,688265,83.77 72.71 113
1579,759,15 1 9,40,688265,83.77 72.71 113
1580,709,1 15 10,40,688265,72.71 83.77 113
1581,707,1 15 9,40,688265,72.71 83.77 113
1582,758,14 8 1,40,688199,82.98 78.24 106
1583,736,8 14 1,40,688199,78.24 82.98 106
1584,762,15 8 0,40,688199,83.77 78.24 105
1585,736,8 15 0,40,688199,78.24 83.77 105
1586,742,10 10 3,40,688098,79.82 79.82 108
1587,753,13 8 2,40,688075,82.19 78.24 107
1588,735,8 13 2,40,688075,78.24 82.19 107
1589,745,11 9 3,40,688030,80.61 79.03 108
1590,738,9 11 3,40,688030,79.03 80.61 108
1591,749,12 2 12,40,688021,81.4 73.5 115
1592,712,2 12 12,40,688021,73.5 81.4 115
1593,744,10 3 14,40,687845,79.82 74.29 116
1594,741,10 3 13,40,687845,79.82 74.29 116
1595,717,3 10 14,40,687845,74.29 79.82 116
1596,715,3 10 13,40,687845,74.29 79.82 116
1597,749,12 8 3,40,687828,81.4 78.24 108
1598,734,8 12 3,40,687828,78.24 81.4 108
1599,757,14 1 11,40,687805,82.98 72.71 114
1600,709,1 14 11,40,687805,72.71 82.98 114
1601,761,15 7 1,40,687736,83.77 77.45 106
1602,732,7 15 1,40,687736,77.45 83.77 106
1603,757,14 7 2,40,687674,82.98 77.45 107
1604,731,7 14 2,40,687674,77.45 82.98 107
1605,743,10 9 5,40,687593,79.82 79.03 109
1606,741,10 9 4,40,687593,79.82 79.03 109
1607,740,9 10 5,40,687593,79.03 79.82 109
1608,737,9 10 4,40,687593,79.03 79.82 109
1609,728,6 6 15,40,687564,76.66 76.66 117
1610,732,7 5 15,40,687491,77.45 75.87 117
1611,724,5 7 15,40,687491,75.87 77.45 117
1612,752,13 7 3,40,687491,82.19 77.45 108
1613,730,7 13 3,40,687491,77.45 82.19 108
1614,747,11 8 5,40,687457,80.61 78.24 109
1615,744,11 8 4,40,687457,80.61 78.24 109
1616,736,8 11 5,40,687457,78.24 80.61 109
1617,733,8 11 4,40,687457,78.24 80.61 109
1618,735,8 4 15,40,687271,78.24 75.08 117
1619,720,4 8 15,40,687271,75.08 78.24 117
1620,747,11 2 14,40,687266,80.61 73.5 116
1621,744,11 2 13,40,687266,80.61 73.5 116
1622,713,2 11 14,40,687266,73.5 80.61 116
1623,711,2 11 13,40,687266,73.5 80.61 116
1624,752,13 1 12,40,687231,82.19 72.71 115
1625,708,1 13 12,40,687231,72.71 82.19 115
1626,750,12 7 5,40,687185,81.4 77.45 109
1627,748,12 7 4,40,687185,81.4 77.45 109
1628,732,7 12 5,40,687185,77.45 81.4 109
1629,729,7 12 4,40,687185,77.45 81.4 109
1630,760,15 6 2,40,687140,83.77 76.66 107
1631,727,6 15 2,40,687140,76.66 83.77 107
1632,739,9 9 6,40,687031,79.03 79.03 110
1633,755,14 6 3,40,687019,82.98 76.66 108
1634,726,6 14 3,40,687019,76.66 82.98 108
1635,742,10 8 6,40,686962,79.82 78.24 110
1636,735,8 10 6,40,686962,78.24 79.82 110
1637,739,9 3 15,40,686906,79.03 74.29 117
1638,716,3 9 15,40,686906,74.29 79.03 117
1639,760,15 0 11,40,686809,83.77 71.92 114
1640,704,0 15 11,40,686809,71.92 83.77 114
1641,754,13 6 5,40,686776,82.19 76.66 109
1642,751,13 6 4,40,686776,82.19 76.66 109
1643,728,6 13 5,40,686776,76.66 82.19 109
1644,725,6 13 4,40,686776,76.66 82.19 109
1645,746,11 7 6,40,686756,80.61 77.45 110
1646,731,7 11 6,40,686756,77.45 80.61 110
1647,750,12 1 14,40,686541,81.4 72.71 116
1648,748,12 1 13,40,686541,81.4 72.71 116
1649,709,1 12 14,40,686541,72.71 81.4 116
1650,707,1 12 13,40,686541,72.71 81.4 116
1651,749,12 6 6,40,686413,81.4 76.66 110
1652,727,6 12 6,40,686413,76.66 81.4 110
1653,759,15 5 3,40,686411,83.77 75.87 108
1654,722,5 15 3,40,686411,75.87 83.77 108
1655,742,10 2 15,40,686395,79.82 73.5 117
1656,712,2 10 15,40,686395,73.5 79.82 117
1657,737,9 8 7,40,686344,79.03 78.24 111
1658,734,8 9 7,40,686344,78.24 79.03 111
1659,755,14 0 12,40,686297,82.98 71.92 115
1660,703,0 14 12,40,686297,71.92 82.98 115
1661,757,14 5 5,40,686232,82.98 75.87 109
1662,754,14 5 4,40,686232,82.98 75.87 109
1663,724,5 14 5,40,686232,75.87 82.98 109
1664,721,5 14 4,40,686232,75.87 82.98 109
1665,741,10 7 7,40,686205,79.82 77.45 111
1666,730,7 10 7,40,686205,77.45 79.82 111
1667,753,13 5 6,40,685932,82.19 75.87 110
1668,723,5 13 6,40,685932,75.87 82.19 110
1669,745,11 6 7,40,685928,80.61 76.66 111
1670,726,6 11 7,40,685928,76.66 80.61 111
1671,745,11 1 15,40,685737,80.61 72.71 117
1672,708,1 11 15,40,685737,72.71 80.61 117
1673,753,13 0 14,40,685672,82.19 71.92 116
1674,751,13 0 13,40,685672,82.19 71.92 116
1675,705,0 13 14,40,685672,71.92 82.19 116
1676,702,0 13 13,40,685672,71.92 82.19 116
1677,733,8 8 8,40,685602,78.24 78.24 112
1678,760,15 4 5,40,685551,83.77 75.08 109
1679,758,15 4 4,40,685551,83.77 75.08 109
1680,720,4 15 5,40,685551,75.08 83.77 109
1681,717,4 15 4,40,685551,75.08 83.77 109
1682,736,9 7 8,40,685532,79.03 77.45 112
1683,729,7 9 8,40,685532,77.45 79.03 112
1684,748,12 5 7,40,685512,81.4 75.87 111
1685,722,5 12 7,40,685512,75.87 81.4 111
1686,740,10 6 8,40,685322,79.82 76.66 112
1687,725,6 10 8,40,685322,76.66 79.82 112
1688,756,14 4 6,40,685313,82.98 75.08 110
1689,719,4 14 6,40,685313,75.08 82.98 110
1690,743,11 5 8,40,684972,80.61 75.87 112
1691,721,5 11 8,40,684972,75.87 80.61 112
1692,751,13 4 7,40,684957,82.19 75.08 111
1693,718,4 13 7,40,684957,75.08 82.19 111
1694,749,12 0 15,40,684933,81.4 71.92 117
1695,704,0 12 15,40,684933,71.92 81.4 117
1696,734,8 7 10,40,684736,78.24 77.45 113
1697,731,8 7 9,40,684736,78.24 77.45 113
1698,730,7 8 10,40,684736,77.45 78.24 113
1699,728,7 8 9,40,684736,77.45 78.24 113
1700,738,9 6 10,40,684595,79.03 76.66 113
1701,735,9 6 9,40,684595,79.03 76.66 113
1702,727,6 9 10,40,684595,76.66 79.03 113
1703,724,6 9 9,40,684595,76.66 79.03 113
1704,759,15 3 6,40,684558,83.77 74.29 110
1705,715,3 15 6,40,684558,74.29 83.77 110
1706,747,12 4 8,40,684483,81.4 75.08 112
1707,717,4 12 8,40,684483,75.08 81.4 112
1708,741,10 5 10,40,684313,79.82 75.87 113
1709,739,10 5 9,40,684313,79.82 75.87 113
1710,723,5 10 10,40,684313,75.87 79.82 113
1711,720,5 10 9,40,684313,75.87 79.82 113
1712,754,14 3 7,40,684264,82.98 74.29 111
1713,714,3 14 7,40,684264,74.29 82.98 111
1714,745,11 4 10,40,683889,80.61 75.08 113
1715,742,11 4 9,40,683889,80.61 75.08 113
1716,719,4 11 10,40,683889,75.08 80.61 113
1717,716,4 11 9,40,683889,75.08 80.61 113
1718,750,13 3 8,40,683853,82.19 74.29 112
1719,713,3 13 8,40,683853,74.29 82.19 112
1720,729,7 7 11,40,683818,77.45 77.45 114
1721,733,8 6 11,40,683747,78.24 76.66 114
1722,725,6 8 11,40,683747,76.66 78.24 114
1723,736,9 5 11,40,683533,79.03 75.87 114
1724,722,5 9 11,40,683533,75.87 79.03 114
1725,758,15 2 7,40,683432,83.77 73.5 111
1726,710,2 15 7,40,683432,73.5 83.77 111
1727,748,12 3 10,40,683325,81.4 74.29 113
1728,745,12 3 9,40,683325,81.4 74.29 113
1729,715,3 12 10,40,683325,74.29 81.4 113
1730,712,3 12 9,40,683325,74.29 81.4 113
1731,740,10 4 11,40,683177,79.82 75.08 114
1732,718,4 10 11,40,683177,75.08 79.82 114
1733,753,14 2 8,40,683084,82.98 73.5 112
1734,709,2 14 8,40,683084,73.5 82.98 112
1735,728,7 6 12,40,682778,77.45 76.66 115
1736,724,6 7 12,40,682778,76.66 77.45 115
1737,743,11 3 11,40,682679,80.61 74.29 114
1738,713,3 11 11,40,682679,74.29 80.61 114
1739,732,8 5 12,40,682634,78.24 75.87 115
1740,720,5 8 12,40,682634,75.87 78.24 115
1741,751,13 2 10,40,682619,82.19 73.5 113
1742,749,13 2 9,40,682619,82.19 73.5 113
1743,710,2 13 10,40,682619,73.5 82.19 113
1744,708,2 13 9,40,682619,73.5 82.19 113
1745,735,9 4 12,40,682347,79.03 75.08 115
1746,716,4 9 12,40,682347,75.08 79.03 115
1747,744,11 11 0,40,682297,80.61 80.61 105
1748,748,12 10 0,40,682231,81.4 79.82 105
1749,741,10 12 0,40,682231,79.82 81.4 105
1750,756,15 1 8,40,682174,83.77 72.71 112
1751,704,1 15 8,40,682174,72.71 83.77 112
1752,743,11 10 1,40,682042,80.61 79.82 106
1753,740,10 11 1,40,682042,79.82 80.61 106
1754,747,12 2 11,40,682038,81.4 73.5 114
1755,709,2 12 11,40,682038,73.5 81.4 114
1756,751,13 9 0,40,682034,82.19 79.03 105
1757,737,9 13 0,40,682034,79.03 82.19 105
1758,739,10 3 12,40,681916,79.82 74.29 115
1759,712,3 10 12,40,681916,74.29 79.82 115
1760,747,12 9 1,40,681909,81.4 79.03 106
1761,736,9 12 1,40,681909,79.03 81.4 106
1762,754,14 1 10,40,681772,82.98 72.71 113
1763,752,14 1 9,40,681772,82.98 72.71 113
1764,706,1 14 10,40,681772,72.71 82.98 113
1765,704,1 14 9,40,681772,72.71 82.98 113
1766,739,10 10 2,40,681726,79.82 79.82 107
1767,755,14 8 0,40,681707,82.98 78.24 105
1768,733,8 14 0,40,681707,78.24 82.98 105
1769,725,6 6 14,40,681687,76.66 76.66 116
1770,723,6 6 13,40,681687,76.66 76.66 116
1771,742,11 9 2,40,681660,80.61 79.03 107
1772,735,9 11 2,40,681660,79.03 80.61 107
1773,750,13 8 1,40,681645,82.19 78.24 106
1774,732,8 13 1,40,681645,78.24 82.19 106
1775,729,7 5 14,40,681615,77.45 75.87 116
1776,727,7 5 13,40,681615,77.45 75.87 116
1777,722,5 7 14,40,681615,75.87 77.45 116
1778,719,5 7 13,40,681615,75.87 77.45 116
1779,746,12 8 2,40,681459,81.4 78.24 107
1780,731,8 12 2,40,681459,78.24 81.4 107
1781,733,8 4 14,40,681397,78.24 75.08 116
1782,730,8 4 13,40,681397,78.24 75.08 116
1783,718,4 8 14,40,681397,75.08 78.24 116
1784,715,4 8 13,40,681397,75.08 78.24 116
1785,742,11 2 12,40,681341,80.61 73.5 115
1786,708,2 11 12,40,681341,73.5 80.61 115
1787,738,10 9 3,40,681285,79.82 79.03 108
1788,734,9 10 3,40,681285,79.03 79.82 108
1789,750,13 1 11,40,681255,82.19 72.71 114
1790,705,1 13 11,40,681255,72.71 82.19 114
1791,754,14 7 1,40,681247,82.98 77.45 106
1792,728,7 14 1,40,681247,77.45 82.98 106
1793,758,15 7 0,40,681247,83.77 77.45 105
1794,729,7 15 0,40,681247,77.45 83.77 105
1795,741,11 8 3,40,681150,80.61 78.24 108
1796,730,8 11 3,40,681150,78.24 80.61 108
1797,749,13 7 2,40,681125,82.19 77.45 107
1798,727,7 13 2,40,681125,77.45 82.19 107
1799,736,9 3 14,40,681035,79.03 74.29 116
1800,734,9 3 13,40,681035,79.03 74.29 116
1801,714,3 9 14,40,681035,74.29 79.03 116
1802,711,3 9 13,40,681035,74.29 79.03 116
1803,745,12 7 3,40,680880,81.4 77.45 108
1804,727,7 12 3,40,680880,77.45 81.4 108
1805,736,9 9 5,40,680785,79.03 79.03 109
1806,733,9 9 4,40,680785,79.03 79.03 109
1807,757,15 0 10,40,680784,83.77 71.92 113
1808,755,15 0 9,40,680784,83.77 71.92 113
1809,702,0 15 10,40,680784,71.92 83.77 113
1810,699,0 15 9,40,680784,71.92 83.77 113
1811,757,15 6 1,40,680718,83.77 76.66 106
1812,724,6 15 1,40,680718,76.66 83.77 106
1813,739,10 8 5,40,680717,79.82 78.24 109
1814,737,10 8 4,40,680717,79.82 78.24 109
1815,732,8 10 5,40,680717,78.24 79.82 109
1816,729,8 10 4,40,680717,78.24 79.82 109
1817,753,14 6 2,40,680657,82.98 76.66 107
1818,723,6 14 2,40,680657,76.66 82.98 107
1819,745,12 1 12,40,680623,81.4 72.71 115
1820,704,1 12 12,40,680623,72.71 81.4 115
1821,740,10 2 14,40,680528,79.82 73.5 116
1822,737,10 2 13,40,680528,79.82 73.5 116
1823,710,2 10 14,40,680528,73.5 79.82 116
1824,707,2 10 13,40,680528,73.5 79.82 116
1825,743,11 7 5,40,680513,80.61 77.45 109
1826,740,11 7 4,40,680513,80.61 77.45 109
1827,728,7 11 5,40,680513,77.45 80.61 109
1828,726,7 11 4,40,680513,77.45 80.61 109
1829,724,6 5 15,40,680475,76.66 75.87 117
1830,720,5 6 15,40,680475,75.87 76.66 117
1831,748,13 6 3,40,680475,82.19 76.66 108
1832,723,6 13 3,40,680475,76.66 82.19 108
1833,728,7 4 15,40,680329,77.45 75.08 117
1834,716,4 7 15,40,680329,75.08 77.45 117
1835,753,14 0 11,40,680329,82.98 71.92 114
1836,701,0 14 11,40,680329,71.92 82.98 114
1837,746,12 6 5,40,680173,81.4 76.66 109
1838,744,12 6 4,40,680173,81.4 76.66 109
1839,724,6 12 5,40,680173,76.66 81.4 109
1840,722,6 12 4,40,680173,76.66 81.4 109
1841,735,9 8 6,40,680161,79.03 78.24 110
1842,731,8 9 6,40,680161,78.24 79.03 110
1843,756,15 5 2,40,680056,83.77 75.87 107
1844,719,5 15 2,40,680056,75.87 83.77 107
1845,731,8 3 15,40,680037,78.24 74.29 117
1846,713,3 8 15,40,680037,74.29 78.24 117
1847,738,10 7 6,40,680023,79.82 77.45 110
1848,727,7 10 6,40,680023,77.45 79.82 110
1849,752,14 5 3,40,679936,82.98 75.87 108
1850,719,5 14 3,40,679936,75.87 82.98 108
1851,743,11 1 14,40,679876,80.61 72.71 116
1852,740,11 1 13,40,679876,80.61 72.71 116
1853,705,1 11 14,40,679876,72.71 80.61 116
1854,703,1 11 13,40,679876,72.71 80.61 116
1855,748,13 0 12,40,679761,82.19 71.92 115
1856,700,0 13 12,40,679761,71.92 82.19 115
1857,742,11 6 6,40,679748,80.61 76.66 110
1858,723,6 11 6,40,679748,76.66 80.61 110
1859,750,13 5 5,40,679696,82.19 75.87 109
1860,747,13 5 4,40,679696,82.19 75.87 109
1861,720,5 13 5,40,679696,75.87 82.19 109
1862,718,5 13 4,40,679696,75.87 82.19 109
1863,735,9 2 15,40,679599,79.03 73.5 117
1864,709,2 9 15,40,679599,73.5 79.03 117
1865,730,8 8 7,40,679481,78.24 78.24 111
1866,734,9 7 7,40,679411,79.03 77.45 111
1867,726,7 9 7,40,679411,77.45 79.03 111
1868,745,12 5 6,40,679336,81.4 75.87 110
1869,720,5 12 6,40,679336,75.87 81.4 110
1870,755,15 4 3,40,679261,83.77 75.08 108
1871,715,4 15 3,40,679261,75.08 83.77 108
1872,737,10 6 7,40,679203,79.82 76.66 111
1873,722,6 10 7,40,679203,76.66 79.82 111
1874,753,14 4 5,40,679083,82.98 75.08 109
1875,750,14 4 4,40,679083,82.98 75.08 109
1876,716,4 14 5,40,679083,75.08 82.98 109
1877,714,4 14 4,40,679083,75.08 82.98 109
1878,746,12 0 14,40,679079,81.4 71.92 116
1879,744,12 0 13,40,679079,81.4 71.92 116
1880,701,0 12 14,40,679079,71.92 81.4 116
1881,699,0 12 13,40,679079,71.92 81.4 116
1882,738,10 1 15,40,679014,79.82 72.71 117
1883,704,1 10 15,40,679014,72.71 79.82 117
1884,741,11 5 7,40,678857,80.61 75.87 111
1885,719,5 11 7,40,678857,75.87 80.61 111
1886,749,13 4 6,40,678787,82.19 75.08 110
1887,715,4 13 6,40,678787,75.08 82.19 110
1888,729,8 7 8,40,678677,78.24 77.45 112
1889,725,7 8 8,40,678677,77.45 78.24 112
1890,733,9 6 8,40,678537,79.03 76.66 112
1891,721,6 9 8,40,678537,76.66 79.03 112
1892,744,12 4 7,40,678371,81.4 75.08 111
1893,715,4 12 7,40,678371,75.08 81.4 111
1894,756,15 3 5,40,678334,83.77 74.29 109
1895,754,15 3 4,40,678334,83.77 74.29 109
1896,712,3 15 5,40,678334,74.29 83.77 109
1897,710,3 15 4,40,678334,74.29 83.77 109
1898,741,11 0 15,40,678283,80.61 71.92 117
1899,700,0 11 15,40,678283,71.92 80.61 117
1900,736,10 5 8,40,678257,79.82 75.87 112
1901,718,5 10 8,40,678257,75.87 79.82 112
1902,752,14 3 6,40,678100,82.98 74.29 110
1903,711,3 14 6,40,678100,74.29 82.98 110
1904,739,11 4 8,40,677837,80.61 75.08 112
1905,714,4 11 8,40,677837,75.08 80.61 112
1906,727,7 7 10,40,677820,77.45 77.45 113
1907,724,7 7 9,40,677820,77.45 77.45 113
1908,730,8 6 10,40,677749,78.24 76.66 113
1909,728,8 6 9,40,677749,78.24 76.66 113
1910,723,6 8 10,40,677749,76.66 78.24 113
1911,720,6 8 9,40,677749,76.66 78.24 113
1912,747,13 3 7,40,677747,82.19 74.29 111
1913,710,3 13 7,40,677747,74.29 82.19 111
1914,734,9 5 10,40,677537,79.03 75.87 113
1915,731,9 5 9,40,677537,79.03 75.87 113
1916,719,5 9 10,40,677537,75.87 79.03 113
1917,717,5 9 9,40,677537,75.87 79.03 113
1918,743,12 3 8,40,677278,81.4 74.29 112
1919,710,3 12 8,40,677278,74.29 81.4 112
1920,755,15 2 6,40,677275,83.77 73.5 110
1921,707,2 15 6,40,677275,73.5 83.77 110
1922,737,10 4 10,40,677185,79.82 75.08 113
1923,735,10 4 9,40,677185,79.82 75.08 113
1924,715,4 10 10,40,677185,75.08 79.82 113
1925,713,4 10 9,40,677185,75.08 79.82 113
1926,750,14 2 7,40,676985,82.98 73.5 111
1927,706,2 14 7,40,676985,73.5 82.98 111
1928,725,7 6 11,40,676840,77.45 76.66 114
1929,722,6 7 11,40,676840,76.66 77.45 114
1930,729,8 5 11,40,676698,78.24 75.87 114
1931,718,5 8 11,40,676698,75.87 78.24 114
1932,741,11 3 10,40,676691,80.61 74.29 113
1933,738,11 3 9,40,676691,80.61 74.29 113
1934,711,3 11 10,40,676691,74.29 80.61 113
1935,709,3 11 9,40,676691,74.29 80.61 113
1936,746,13 2 8,40,676578,82.19 73.5 112
1937,705,2 13 8,40,676578,73.5 82.19 112
1938,733,9 4 11,40,676413,79.03 75.08 114
1939,714,4 9 11,40,676413,75.08 79.03 114
1940,754,15 1 7,40,676083,83.77 72.71 111
1941,702,1 15 7,40,676083,72.71 83.77 111
1942,744,12 2 10,40,676055,81.4 73.5 113
1943,741,12 2 9,40,676055,81.4 73.5 113
1944,707,2 12 10,40,676055,73.5 81.4 113
1945,704,2 12 9,40,676055,73.5 81.4 113
1946,736,10 3 11,40,675986,79.82 74.29 114
1947,710,3 10 11,40,675986,74.29 79.82 114
1948,720,6 6 12,40,675811,76.66 76.66 115
1949,724,7 5 12,40,675739,77.45 75.87 115
1950,717,5 7 12,40,675739,75.87 77.45 115
1951,749,14 1 8,40,675739,82.98 72.71 112
1952,701,1 14 8,40,675739,72.71 82.98 112
1953,741,11 10 0,40,675608,80.61 79.82 105
1954,737,10 11 0,40,675608,79.82 80.61 105
1955,728,8 4 12,40,675523,78.24 75.08 115
1956,713,4 8 12,40,675523,75.08 78.24 115
1957,744,12 9 0,40,675476,81.4 79.03 105
1958,733,9 12 0,40,675476,79.03 81.4 105
1959,739,11 2 11,40,675416,80.61 73.5 114
1960,706,2 11 11,40,675416,73.5 80.61 114
1961,736,10 10 1,40,675355,79.82 79.82 106
1962,740,11 9 1,40,675289,80.61 79.03 106
1963,732,9 11 1,40,675289,79.03 80.61 106
1964,747,13 1 10,40,675279,82.19 72.71 113
1965,745,13 1 9,40,675279,82.19 72.71 113
1966,703,1 13 10,40,675279,72.71 82.19 113
1967,700,1 13 9,40,675279,72.71 82.19 113
1968,748,13 8 0,40,675214,82.19 78.24 105
1969,729,8 13 0,40,675214,78.24 82.19 105
1970,731,9 3 12,40,675164,79.03 74.29 115
1971,709,3 9 12,40,675164,74.29 79.03 115
1972,743,12 8 1,40,675090,81.4 78.24 106
1973,729,8 12 1,40,675090,78.24 81.4 106
1974,735,10 9 2,40,674977,79.82 79.03 107
1975,732,9 10 2,40,674977,79.03 79.82 107
1976,739,11 8 2,40,674843,80.61 78.24 107
1977,728,8 11 2,40,674843,78.24 80.61 107
1978,751,14 7 0,40,674821,82.98 77.45 105
1979,726,7 14 0,40,674821,77.45 82.98 105
1980,752,15 0 8,40,674759,83.77 71.92 112
1981,697,0 15 8,40,674759,71.92 83.77 112
1982,747,13 7 1,40,674759,82.19 77.45 106
1983,725,7 13 1,40,674759,77.45 82.19 106
1984,743,12 1 11,40,674704,81.4 72.71 114
1985,702,1 12 11,40,674704,72.71 81.4 114
1986,735,10 2 12,40,674661,79.82 73.5 115
1987,705,2 10 12,40,674661,73.5 79.82 115
1988,722,6 5 14,40,674659,76.66 75.87 116
1989,719,6 5 13,40,674659,76.66 75.87 116
1990,718,5 6 14,40,674659,75.87 76.66 116
1991,715,5 6 13,40,674659,75.87 76.66 116
1992,742,12 7 2,40,674576,81.4 77.45 107
1993,724,7 12 2,40,674576,77.45 81.4 107
1994,731,9 9 3,40,674540,79.03 79.03 108
1995,725,7 4 14,40,674515,77.45 75.08 116
1996,723,7 4 13,40,674515,77.45 75.08 116
1997,714,4 7 14,40,674515,75.08 77.45 116
1998,712,4 7 13,40,674515,75.08 77.45 116
1999,734,10 8 3,40,674472,79.82 78.24 108
2000,727,8 10 3,40,674472,78.24 79.82 108
2001,750,14 0 10,40,674362,82.98 71.92 113
2002,748,14 0 9,40,674362,82.98 71.92 113
2003,698,0 14 10,40,674362,71.92 82.98 113
2004,696,0 14 9,40,674362,71.92 82.98 113
2005,750,14 6 1,40,674296,82.98 76.66 106
2006,721,6 14 1,40,674296,76.66 82.98 106
2007,754,15 6 0,40,674296,83.77 76.66 105
2008,722,6 15 0,40,674296,76.66 83.77 105
2009,738,11 7 3,40,674270,80.61 77.45 108
2010,723,7 11 3,40,674270,77.45 80.61 108
2011,729,8 3 14,40,674225,78.24 74.29 116
2012,726,8 3 13,40,674225,78.24 74.29 116
2013,710,3 8 14,40,674225,74.29 78.24 116
2014,708,3 8 13,40,674225,74.29 78.24 116
2015,746,13 6 2,40,674175,82.19 76.66 107
2016,720,6 13 2,40,674175,76.66 82.19 107
2017,738,11 1 12,40,674015,80.61 72.71 115
2018,701,1 11 12,40,674015,72.71 80.61 115
2019,732,9 8 5,40,673977,79.03 78.24 109
2020,730,9 8 4,40,673977,79.03 78.24 109
2021,728,8 9 5,40,673977,78.24 79.03 109
2022,726,8 9 4,40,673977,78.24 79.03 109
2023,741,12 6 3,40,673932,81.4 76.66 108
2024,719,6 12 3,40,673932,76.66 81.4 108
2025,746,13 0 11,40,673850,82.19 71.92 114
2026,697,0 13 11,40,673850,71.92 82.19 114
2027,736,10 7 5,40,673841,79.82 77.45 109
2028,733,10 7 4,40,673841,79.82 77.45 109
2029,725,7 10 5,40,673841,77.45 79.82 109
2030,722,7 10 4,40,673841,77.45 79.82 109
2031,732,9 2 14,40,673790,79.03 73.5 116
2032,730,9 2 13,40,673790,79.03 73.5 116
2033,706,2 9 14,40,673790,73.5 79.03 116
2034,704,2 9 13,40,673790,73.5 79.03 116
2035,753,15 5 1,40,673700,83.77 75.87 106
2036,717,5 15 1,40,673700,75.87 83.77 106
2037,749,14 5 2,40,673640,82.98 75.87 107
2038,716,5 14 2,40,673640,75.87 82.98 107
2039,739,11 6 5,40,673569,80.61 76.66 109
2040,737,11 6 4,40,673569,80.61 76.66 109
2041,721,6 11 5,40,673569,76.66 80.61 109
2042,718,6 11 4,40,673569,76.66 80.61 109
2043,717,5 5 15,40,673460,75.87 75.87 117
2044,744,13 5 3,40,673460,82.19 75.87 108
2045,715,5 13 3,40,673460,75.87 82.19 108
2046,720,6 4 15,40,673387,76.66 75.08 117
2047,713,4 6 15,40,673387,75.08 76.66 117
2048,727,8 8 6,40,673359,78.24 78.24 110
2049,731,9 7 6,40,673290,79.03 77.45 110
2050,724,7 9 6,40,673290,77.45 79.03 110
2051,741,12 0 12,40,673225,81.4 71.92 115
2052,696,0 12 12,40,673225,71.92 81.4 115
2053,736,10 1 14,40,673210,79.82 72.71 116
2054,733,10 1 13,40,673210,79.82 72.71 116
2055,702,1 10 14,40,673210,72.71 79.82 116
2056,700,1 10 13,40,673210,72.71 79.82 116
2057,724,7 3 15,40,673168,77.45 74.29 117
2058,709,3 7 15,40,673168,74.29 77.45 117
2059,743,12 5 5,40,673160,81.4 75.87 109
2060,740,12 5 4,40,673160,81.4 75.87 109
2061,717,5 12 5,40,673160,75.87 81.4 109
2062,714,5 12 4,40,673160,75.87 81.4 109
2063,735,10 6 6,40,673084,79.82 76.66 110
2064,720,6 10 6,40,673084,76.66 79.82 110
2065,752,15 4 2,40,672972,83.77 75.08 107
2066,712,4 15 2,40,672972,75.08 83.77 107
2067,748,14 4 3,40,672853,82.98 75.08 108
2068,711,4 14 3,40,672853,75.08 82.98 108
2069,727,8 2 15,40,672803,78.24 73.5 117
2070,705,2 8 15,40,672803,73.5 78.24 117
2071,738,11 5 6,40,672741,80.61 75.87 110
2072,716,5 11 6,40,672741,75.87 80.61 110
2073,726,8 7 7,40,672617,78.24 77.45 111
2074,723,7 8 7,40,672617,77.45 78.24 111
2075,746,13 4 5,40,672616,82.19 75.08 109
2076,743,13 4 4,40,672616,82.19 75.08 109
2077,713,4 13 5,40,672616,75.08 82.19 109
2078,710,4 13 4,40,672616,75.08 82.19 109
2079,739,11 0 14,40,672486,80.61 71.92 116
2080,736,11 0 13,40,672486,80.61 71.92 116
2081,698,0 11 14,40,672486,71.92 80.61 116
2082,695,0 11 13,40,672486,71.92 80.61 116
2083,730,9 6 7,40,672478,79.03 76.66 111
2084,719,6 9 7,40,672478,76.66 79.03 111
2085,731,9 1 15,40,672291,79.03 72.71 117
2086,701,1 9 15,40,672291,72.71 79.03 117
2087,741,12 4 6,40,672260,81.4 75.08 110
2088,712,4 12 6,40,672260,75.08 81.4 110
2089,733,10 5 7,40,672201,79.82 75.87 111
2090,715,5 10 7,40,672201,75.87 79.82 111
2091,751,15 3 3,40,672111,83.77 74.29 108
2092,707,3 15 3,40,672111,74.29 83.77 108
2093,749,14 3 5,40,671935,82.98 74.29 109
2094,746,14 3 4,40,671935,82.98 74.29 109
2095,709,3 14 5,40,671935,74.29 82.98 109
2096,706,3 14 4,40,671935,74.29 82.98 109
2097,722,7 7 8,40,671821,77.45 77.45 112
2098,737,11 4 7,40,671785,80.61 75.08 111
2099,711,4 11 7,40,671785,75.08 80.61 111
2100,725,8 6 8,40,671751,78.24 76.66 112
2101,718,6 8 8,40,671751,76.66 78.24 112
2102,745,13 3 6,40,671641,82.19 74.29 110
2103,708,3 13 6,40,671641,74.29 82.19 110
2104,734,10 0 15,40,671633,79.82 71.92 117
2105,697,0 10 15,40,671633,71.92 79.82 117
2106,729,9 5 8,40,671542,79.03 75.87 112
2107,714,5 9 8,40,671542,75.87 79.03 112
2108,740,12 3 7,40,671231,81.4 74.29 111
2109,707,3 12 7,40,671231,74.29 81.4 111
2110,732,10 4 8,40,671192,79.82 75.08 112
2111,710,4 10 8,40,671192,75.08 79.82 112
2112,752,15 2 5,40,671118,83.77 73.5 109
2113,750,15 2 4,40,671118,83.77 73.5 109
2114,705,2 15 5,40,671118,73.5 83.77 109
2115,702,2 15 4,40,671118,73.5 83.77 109
2116,723,7 6 10,40,670903,77.45 76.66 113
2117,720,7 6 9,40,670903,77.45 76.66 113
2118,719,6 7 10,40,670903,76.66 77.45 113
2119,717,6 7 9,40,670903,76.66 77.45 113
2120,748,14 2 6,40,670886,82.98 73.5 110
2121,704,2 14 6,40,670886,73.5 82.98 110
2122,727,8 5 10,40,670762,78.24 75.87 113
2123,724,8 5 9,40,670762,78.24 75.87 113
2124,715,5 8 10,40,670762,75.87 78.24 113
2125,713,5 8 9,40,670762,75.87 78.24 113
2126,736,11 3 8,40,670702,80.61 74.29 112
2127,706,3 11 8,40,670702,74.29 80.61 112
2128,743,13 2 7,40,670537,82.19 73.5 111
2129,703,2 13 7,40,670537,73.5 82.19 111
2130,730,9 4 10,40,670480,79.03 75.08 113
2131,727,9 4 9,40,670480,79.03 75.08 113
2132,712,4 9 10,40,670480,75.08 79.03 113
2133,709,4 9 9,40,670480,75.08 79.03 113
2134,739,12 2 8,40,670073,81.4 73.5 112
2135,702,2 12 8,40,670073,73.5 81.4 112
2136,733,10 3 10,40,670056,79.82 74.29 113
2137,731,10 3 9,40,670056,79.82 74.29 113
2138,708,3 10 10,40,670056,74.29 79.82 113
2139,705,3 10 9,40,670056,74.29 79.82 113
2140,751,15 1 6,40,669993,83.77 72.71 110
2141,699,1 15 6,40,669993,72.71 83.77 110
2142,718,6 6 11,40,669934,76.66 76.66 114
2143,722,7 5 11,40,669863,77.45 75.87 114
2144,714,5 7 11,40,669863,75.87 77.45 114
2145,746,14 1 7,40,669705,82.98 72.71 111
2146,699,1 14 7,40,669705,72.71 82.98 111
2147,725,8 4 11,40,669649,78.24 75.08 114
2148,710,4 8 11,40,669649,75.08 78.24 114
2149,737,11 2 10,40,669492,80.61 73.5 113
2150,734,11 2 9,40,669492,80.61 73.5 113
2151,703,2 11 10,40,669492,73.5 80.61 113
2152,701,2 11 9,40,669492,73.5 80.61 113
2153,742,13 1 8,40,669303,82.19 72.71 112
2154,698,1 13 8,40,669303,72.71 82.19 112
2155,729,9 3 11,40,669293,79.03 74.29 114
2156,706,3 9 11,40,669293,74.29 79.03 114
2157,733,10 10 0,40,668984,79.82 79.82 105
2158,737,11 9 0,40,668918,80.61 79.03 105
2159,730,9 11 0,40,668918,79.03 80.61 105
2160,717,6 5 12,40,668843,76.66 75.87 115
2161,713,5 6 12,40,668843,75.87 76.66 115
2162,732,10 2 11,40,668795,79.82 73.5 114
2163,702,2 10 11,40,668795,73.5 79.82 114
2164,740,12 1 10,40,668786,81.4 72.71 113
2165,737,12 1 9,40,668786,81.4 72.71 113
2166,699,1 12 10,40,668786,72.71 81.4 113
2167,697,1 12 9,40,668786,72.71 81.4 113
2168,749,15 0 7,40,668735,83.77 71.92 111
2169,694,0 15 7,40,668735,71.92 83.77 111
2170,740,12 8 0,40,668722,81.4 78.24 105
2171,726,8 12 0,40,668722,78.24 81.4 105
2172,720,7 4 12,40,668700,77.45 75.08 115
2173,709,4 7 12,40,668700,75.08 77.45 115
2174,732,10 9 1,40,668669,79.82 79.03 106
2175,729,9 10 1,40,668669,79.03 79.82 106
2176,736,11 8 1,40,668536,80.61 78.24 106
2177,725,8 11 1,40,668536,78.24 80.61 106
2178,724,8 3 12,40,668412,78.24 74.29 115
2179,705,3 8 12,40,668412,74.29 78.24 115
2180,745,14 0 8,40,668394,82.98 71.92 112
2181,694,0 14 8,40,668394,71.92 82.98 112
2182,744,13 7 0,40,668394,82.19 77.45 105
2183,722,7 13 0,40,668394,77.45 82.19 105
2184,728,9 9 2,40,668294,79.03 79.03 107
2185,739,12 7 1,40,668271,81.4 77.45 106
2186,721,7 12 1,40,668271,77.45 81.4 106
2187,731,10 8 2,40,668227,79.82 78.24 107
2188,724,8 10 2,40,668227,78.24 79.82 107
2189,735,11 1 11,40,668154,80.61 72.71 114
2190,698,1 11 11,40,668154,72.71 80.61 114
2191,735,11 7 2,40,668026,80.61 77.45 107
2192,720,7 11 2,40,668026,77.45 80.61 107
2193,727,9 2 12,40,667981,79.03 73.5 115
2194,701,2 9 12,40,667981,73.5 79.03 115
2195,743,13 0 10,40,667939,82.19 71.92 113
2196,740,13 0 9,40,667939,82.19 71.92 113
2197,695,0 13 10,40,667939,71.92 82.19 113
2198,693,0 13 9,40,667939,71.92 82.19 113
2199,747,14 6 0,40,667935,82.98 76.66 105
2200,718,6 14 0,40,667935,76.66 82.98 105
2201,743,13 6 1,40,667874,82.19 76.66 106
2202,717,6 13 1,40,667874,76.66 82.19 106
2203,727,9 8 3,40,667794,79.03 78.24 108
2204,723,8 9 3,40,667794,78.24 79.03 108
2205,714,5 5 14,40,667704,75.87 75.87 116
2206,712,5 5 13,40,667704,75.87 75.87 116
2207,738,12 6 2,40,667692,81.4 76.66 107
2208,717,6 12 2,40,667692,76.66 81.4 107
2209,730,10 7 3,40,667659,79.82 77.45 108
2210,719,7 10 3,40,667659,77.45 79.82 108
2211,718,6 4 14,40,667632,76.66 75.08 116
2212,715,6 4 13,40,667632,76.66 75.08 116
2213,710,4 6 14,40,667632,75.08 76.66 116
2214,708,4 6 13,40,667632,75.08 76.66 116
2215,721,7 3 14,40,667414,77.45 74.29 116
2216,719,7 3 13,40,667414,77.45 74.29 116
2217,707,3 7 14,40,667414,74.29 77.45 116
2218,704,3 7 13,40,667414,74.29 77.45 116
2219,731,10 1 12,40,667407,79.82 72.71 115
2220,697,1 10 12,40,667407,72.71 79.82 115
2221,734,11 6 3,40,667389,80.61 76.66 108
2222,716,6 11 3,40,667389,76.66 80.61 108
2223,738,12 0 11,40,667371,81.4 71.92 114
2224,694,0 12 11,40,667371,71.92 81.4 114
2225,746,14 5 1,40,667344,82.98 75.87 106
2226,713,5 14 1,40,667344,75.87 82.98 106
2227,750,15 5 0,40,667344,83.77 75.87 105
2228,714,5 15 0,40,667344,75.87 83.77 105
2229,725,8 8 5,40,667238,78.24 78.24 109
2230,722,8 8 4,40,667238,78.24 78.24 109
2231,742,13 5 2,40,667225,82.19 75.87 107
2232,713,5 13 2,40,667225,75.87 82.19 107
2233,728,9 7 5,40,667170,79.03 77.45 109
2234,726,9 7 4,40,667170,79.03 77.45 109
2235,721,7 9 5,40,667170,77.45 79.03 109
2236,719,7 9 4,40,667170,77.45 79.03 109
2237,725,8 2 14,40,667052,78.24 73.5 116
2238,722,8 2 13,40,667052,78.24 73.5 116
2239,703,2 8 14,40,667052,73.5 78.24 116
2240,700,2 8 13,40,667052,73.5 78.24 116
2241,737,12 5 3,40,666985,81.4 75.87 108
2242,712,5 12 3,40,666985,75.87 81.4 108
2243,732,10 6 5,40,666965,79.82 76.66 109
2244,729,10 6 4,40,666965,79.82 76.66 109
2245,717,6 10 5,40,666965,76.66 79.82 109
2246,715,6 10 4,40,666965,76.66 79.82 109
2247,734,11 0 12,40,666689,80.61 71.92 115
2248,693,0 11 12,40,666689,71.92 80.61 115
2249,749,15 4 1,40,666682,83.77 75.08 106
2250,709,4 15 1,40,666682,75.08 83.77 106
2251,735,11 5 5,40,666625,80.61 75.87 109
2252,733,11 5 4,40,666625,80.61 75.87 109
2253,713,5 11 5,40,666625,75.87 80.61 109
2254,711,5 11 4,40,666625,75.87 80.61 109
2255,745,14 4 2,40,666623,82.98 75.08 107
2256,709,4 14 2,40,666623,75.08 82.98 107
2257,724,8 7 6,40,666557,78.24 77.45 110
2258,720,7 8 6,40,666557,77.45 78.24 110
2259,728,9 1 14,40,666545,79.03 72.71 116
2260,726,9 1 13,40,666545,79.03 72.71 116
2261,699,1 9 14,40,666545,72.71 79.03 116
2262,696,1 9 13,40,666545,72.71 79.03 116
2263,713,5 4 15,40,666445,75.87 75.08 117
2264,709,4 5 15,40,666445,75.08 75.87 117
2265,741,13 4 3,40,666445,82.19 75.08 108
2266,708,4 13 3,40,666445,75.08 82.19 108
2267,727,9 6 6,40,666420,79.03 76.66 110
2268,716,6 9 6,40,666420,76.66 79.03 110
2269,716,6 3 15,40,666299,76.66 74.29 117
2270,705,3 6 15,40,666299,74.29 76.66 117
2271,739,12 4 5,40,666148,81.4 75.08 109
2272,736,12 4 4,40,666148,81.4 75.08 109
2273,709,4 12 5,40,666148,75.08 81.4 109
2274,707,4 12 4,40,666148,75.08 81.4 109
2275,731,10 5 6,40,666145,79.82 75.87 110
2276,712,5 10 6,40,666145,75.87 79.82 110
2277,720,7 2 15,40,666007,77.45 73.5 117
2278,701,2 7 15,40,666007,73.5 77.45 117
2279,732,10 0 14,40,665893,79.82 71.92 116
2280,729,10 0 13,40,665893,79.82 71.92 116
2281,694,0 10 14,40,665893,71.92 79.82 116
2282,692,0 10 13,40,665893,71.92 79.82 116
2283,748,15 3 2,40,665888,83.77 74.29 107
2284,704,3 15 2,40,665888,74.29 83.77 107
2285,719,7 7 7,40,665823,77.45 77.45 111
2286,744,14 3 3,40,665770,82.98 74.29 108
2287,704,3 14 3,40,665770,74.29 82.98 108
2288,723,8 6 7,40,665754,78.24 76.66 111
2289,715,6 8 7,40,665754,76.66 78.24 111
2290,734,11 4 6,40,665733,80.61 75.08 110
2291,709,4 11 6,40,665733,75.08 80.61 110
2292,723,8 1 15,40,665568,78.24 72.71 117
2293,697,1 8 15,40,665568,72.71 78.24 117
2294,726,9 5 7,40,665546,79.03 75.87 111
2295,711,5 9 7,40,665546,75.87 79.03 111
2296,742,13 3 5,40,665536,82.19 74.29 109
2297,739,13 3 4,40,665536,82.19 74.29 109
2298,705,3 13 5,40,665536,74.29 82.19 109
2299,703,3 13 4,40,665536,74.29 82.19 109
2300,730,10 4 7,40,665199,79.82 75.08 111
2301,708,4 10 7,40,665199,75.08 79.82 111
2302,737,12 3 6,40,665183,81.4 74.29 110
2303,705,3 12 6,40,665183,74.29 81.4 110
2304,727,9 0 15,40,664984,79.03 71.92 117
2305,693,0 9 15,40,664984,71.92 79.03 117
2306,718,7 6 8,40,664966,77.45 76.66 112
2307,714,6 7 8,40,664966,76.66 77.45 112
2308,747,15 2 3,40,664961,83.77 73.5 108
2309,699,2 15 3,40,664961,73.5 83.77 108
2310,721,8 5 8,40,664826,78.24 75.87 112
2311,710,5 8 8,40,664826,75.87 78.24 112
2312,745,14 2 5,40,664787,82.98 73.5 109
2313,742,14 2 4,40,664787,82.98 73.5 109
2314,701,2 14 5,40,664787,73.5 82.98 109
2315,699,2 14 4,40,664787,73.5 82.98 109
2316,733,11 3 7,40,664714,80.61 74.29 111
2317,704,3 11 7,40,664714,74.29 80.61 111
2318,725,9 4 8,40,664546,79.03 75.08 112
2319,707,4 9 8,40,664546,75.08 79.03 112
2320,741,13 2 6,40,664496,82.19 73.5 110
2321,700,2 13 6,40,664496,73.5 82.19 110
2322,728,10 3 8,40,664127,79.82 74.29 112
2323,703,3 10 8,40,664127,74.29 79.82 112
2324,736,12 2 7,40,664090,81.4 73.5 111
2325,699,2 12 7,40,664090,73.5 81.4 111
2326,716,6 6 10,40,664057,76.66 76.66 113
2327,713,6 6 9,40,664057,76.66 76.66 113
2328,719,7 5 10,40,663987,77.45 75.87 113
2329,717,7 5 9,40,663987,77.45 75.87 113
2330,712,5 7 10,40,663987,75.87 77.45 113
2331,709,5 7 9,40,663987,75.87 77.45 113
2332,748,15 1 5,40,663902,83.77 72.71 109
2333,745,15 1 4,40,663902,83.77 72.71 109
2334,697,1 15 5,40,663902,72.71 83.77 109
2335,694,1 15 4,40,663902,72.71 83.77 109
2336,723,8 4 10,40,663775,78.24 75.08 113
2337,720,8 4 9,40,663775,78.24 75.08 113
2338,708,4 8 10,40,663775,75.08 78.24 113
2339,705,4 8 9,40,663775,75.08 78.24 113
2340,744,14 1 6,40,663672,82.98 72.71 110
2341,696,1 14 6,40,663672,72.71 82.98 110
2342,732,11 2 8,40,663567,80.61 73.5 112
2343,699,2 11 8,40,663567,73.5 80.61 112
2344,726,9 3 10,40,663422,79.03 74.29 113
2345,724,9 3 9,40,663422,79.03 74.29 113
2346,704,3 9 10,40,663422,74.29 79.03 113
2347,702,3 9 9,40,663422,74.29 79.03 113
2348,739,13 1 7,40,663327,82.19 72.71 111
2349,695,1 13 7,40,663327,72.71 82.19 111
2350,714,6 5 11,40,663027,76.66 75.87 114
2351,711,5 6 11,40,663027,75.87 76.66 114
2352,730,10 2 10,40,662928,79.82 73.5 113
2353,727,10 2 9,40,662928,79.82 73.5 113
2354,700,2 10 10,40,662928,73.5 79.82 113
2355,698,2 10 9,40,662928,73.5 79.82 113
2356,718,7 4 11,40,662885,77.45 75.08 114
2357,707,4 7 11,40,662885,75.08 77.45 114
2358,735,12 1 8,40,662867,81.4 72.71 112
2359,694,1 12 8,40,662867,72.71 81.4 112
2360,747,15 0 6,40,662710,83.77 71.92 110
2361,692,0 15 6,40,662710,71.92 83.77 110
2362,721,8 3 11,40,662600,78.24 74.29 114
2363,703,3 8 11,40,662600,74.29 78.24 114
2364,742,14 0 7,40,662426,82.98 71.92 111
2365,691,0 14 7,40,662426,71.92 82.98 111
2366,730,10 9 0,40,662360,79.82 79.03 105
2367,726,9 10 0,40,662360,79.03 79.82 105
2368,733,11 1 10,40,662293,80.61 72.71 113
2369,730,11 1 9,40,662293,80.61 72.71 113
2370,696,1 11 10,40,662293,72.71 80.61 113
2371,693,1 11 9,40,662293,72.71 80.61 113
2372,733,11 8 0,40,662229,80.61 78.24 105
2373,722,8 11 0,40,662229,78.24 80.61 105
2374,725,9 2 11,40,662173,79.03 73.5 114
2375,699,2 9 11,40,662173,73.5 79.03 114
2376,725,9 9 1,40,662048,79.03 79.03 106
2377,738,13 0 8,40,662028,82.19 71.92 112
2378,690,0 13 8,40,662028,71.92 82.19 112
2379,729,10 8 1,40,661982,79.82 78.24 106
2380,722,8 10 1,40,661982,78.24 79.82 106
2381,737,12 7 0,40,661967,81.4 77.45 105
2382,719,7 12 0,40,661967,77.45 81.4 105
2383,709,5 5 12,40,661948,75.87 75.87 115
2384,713,6 4 12,40,661876,76.66 75.08 115
2385,706,4 6 12,40,661876,75.08 76.66 115
2386,732,11 7 1,40,661783,80.61 77.45 106
2387,718,7 11 1,40,661783,77.45 80.61 106
2388,717,7 3 12,40,661661,77.45 74.29 115
2389,702,3 7 12,40,661661,74.29 77.45 115
2390,724,9 8 2,40,661611,79.03 78.24 107
2391,721,8 9 2,40,661611,78.24 79.03 107
2392,728,10 1 11,40,661603,79.82 72.71 114
2393,695,1 10 11,40,661603,72.71 79.82 114
2394,740,13 6 0,40,661573,82.19 76.66 105
2395,715,6 13 0,40,661573,76.66 82.19 105
2396,736,12 0 10,40,661517,81.4 71.92 113
2397,733,12 0 9,40,661517,81.4 71.92 113
2398,692,0 12 10,40,661517,71.92 81.4 113
2399,689,0 12 9,40,661517,71.92 81.4 113
2400,728,10 7 2,40,661477,79.82 77.45 107
2401,717,7 10 2,40,661477,77.45 79.82 107
2402,736,12 6 1,40,661452,81.4 76.66 106
2403,714,6 12 1,40,661452,76.66 81.4 106
2404,720,8 2 12,40,661302,78.24 73.5 115
2405,698,2 8 12,40,661302,73.5 78.24 115
2406,731,11 6 2,40,661210,80.61 76.66 107
2407,713,6 11 2,40,661210,76.66 80.61 107
2408,720,8 8 3,40,661116,78.24 78.24 108
2409,723,9 7 3,40,661049,79.03 77.45 108
2410,716,7 9 3,40,661049,77.45 79.03 108
2411,743,14 5 0,40,661049,82.98 75.87 105
2412,711,5 14 0,40,661049,75.87 82.98 105
2413,739,13 5 1,40,660989,82.19 75.87 106
2414,710,5 13 1,40,660989,75.87 82.19 106
2415,731,11 0 11,40,660891,80.61 71.92 114
2416,691,0 11 11,40,660891,71.92 80.61 114
2417,727,10 6 3,40,660846,79.82 76.66 108
2418,712,6 10 3,40,660846,76.66 79.82 108
2419,735,12 5 2,40,660809,81.4 75.87 107
2420,709,5 12 2,40,660809,75.87 81.4 107
2421,723,9 1 12,40,660799,79.03 72.71 115
2422,694,1 9 12,40,660799,72.71 79.03 115
2423,710,5 4 14,40,660749,75.87 75.08 116
2424,708,5 4 13,40,660749,75.87 75.08 116
2425,707,4 5 14,40,660749,75.08 75.87 116
2426,704,4 5 13,40,660749,75.08 75.87 116
2427,714,6 3 14,40,660604,76.66 74.29 116
2428,712,6 3 13,40,660604,76.66 74.29 116
2429,703,3 6 14,40,660604,74.29 76.66 116
2430,701,3 6 13,40,660604,74.29 76.66 116
2431,730,11 5 3,40,660509,80.61 75.87 108
2432,708,5 11 3,40,660509,75.87 80.61 108
2433,721,8 7 5,40,660498,78.24 77.45 109
2434,719,8 7 4,40,660498,78.24 77.45 109
2435,718,7 8 5,40,660498,77.45 78.24 109
2436,715,7 8 4,40,660498,77.45 78.24 109
2437,742,14 4 1,40,660393,82.98 75.08 106
2438,706,4 14 1,40,660393,75.08 82.98 106
2439,746,15 4 0,40,660393,83.77 75.08 105
2440,707,4 15 0,40,660393,75.08 83.77 105
2441,725,9 6 5,40,660362,79.03 76.66 109
2442,722,9 6 4,40,660362,79.03 76.66 109
2443,714,6 9 5,40,660362,76.66 79.03 109
2444,711,6 9 4,40,660362,76.66 79.03 109
2445,718,7 2 14,40,660314,77.45 73.5 116
2446,715,7 2 13,40,660314,77.45 73.5 116
2447,699,2 7 14,40,660314,73.5 77.45 116
2448,697,2 7 13,40,660314,73.5 77.45 116
2449,738,13 4 2,40,660274,82.19 75.08 107
2450,705,4 13 2,40,660274,75.08 82.19 107
2451,727,10 0 12,40,660152,79.82 71.92 115
2452,690,0 10 12,40,660152,71.92 79.82 115
2453,728,10 5 5,40,660089,79.82 75.87 109
2454,726,10 5 4,40,660089,79.82 75.87 109
2455,710,5 10 5,40,660089,75.87 79.82 109
2456,707,5 10 4,40,660089,75.87 79.82 109
2457,733,12 4 3,40,660037,81.4 75.08 108
2458,704,4 12 3,40,660037,75.08 81.4 108
2459,721,8 1 14,40,659880,78.24 72.71 116
2460,719,8 1 13,40,659880,78.24 72.71 116
2461,695,1 8 14,40,659880,72.71 78.24 116
2462,693,1 8 13,40,659880,72.71 78.24 116
2463,716,7 7 6,40,659825,77.45 77.45 110
2464,720,8 6 6,40,659756,78.24 76.66 110
2465,713,6 8 6,40,659756,76.66 78.24 110
2466,732,11 4 5,40,659681,80.61 75.08 109
2467,729,11 4 4,40,659681,80.61 75.08 109
2468,706,4 11 5,40,659681,75.08 80.61 109
2469,703,4 11 4,40,659681,75.08 80.61 109
2470,745,15 3 1,40,659665,83.77 74.29 106
2471,702,3 15 1,40,659665,74.29 83.77 106
2472,741,14 3 2,40,659606,82.98 74.29 107
2473,701,3 14 2,40,659606,74.29 82.98 107
2474,724,9 5 6,40,659550,79.03 75.87 110
2475,709,5 9 6,40,659550,75.87 79.03 110
2476,705,4 4 15,40,659503,75.08 75.08 117
2477,709,5 3 15,40,659430,75.87 74.29 117
2478,702,3 5 15,40,659430,74.29 75.87 117
2479,737,13 3 3,40,659430,82.19 74.29 108
2480,700,3 13 3,40,659430,74.29 82.19 108
2481,724,9 0 14,40,659300,79.03 71.92 116
2482,722,9 0 13,40,659300,79.03 71.92 116
2483,691,0 9 14,40,659300,71.92 79.03 116
2484,689,0 9 13,40,659300,71.92 79.03 116
2485,713,6 2 15,40,659211,76.66 73.5 117
2486,698,2 6 15,40,659211,73.5 76.66 117
2487,727,10 4 6,40,659206,79.82 75.08 110
2488,705,4 10 6,40,659206,75.08 79.82 110
2489,735,12 3 5,40,659136,81.4 74.29 109
2490,732,12 3 4,40,659136,81.4 74.29 109
2491,702,3 12 5,40,659136,74.29 81.4 109
2492,699,3 12 4,40,659136,74.29 81.4 109
2493,715,7 6 7,40,659029,77.45 76.66 111
2494,712,6 7 7,40,659029,76.66 77.45 111
2495,719,8 5 7,40,658890,78.24 75.87 111
2496,708,5 8 7,40,658890,75.87 78.24 111
2497,716,7 1 15,40,658845,77.45 72.71 117
2498,694,1 7 15,40,658845,72.71 77.45 117
2499,744,15 2 2,40,658804,83.77 73.5 107
2500,697,2 15 2,40,658804,73.5 83.77 107
2501,730,11 3 6,40,658725,80.61 74.29 110
2502,701,3 11 6,40,658725,74.29 80.61 110
2503,740,14 2 3,40,658688,82.98 73.5 108
2504,696,2 14 3,40,658688,73.5 82.98 108
2505,722,9 4 7,40,658613,79.03 75.08 111
2506,704,4 9 7,40,658613,75.08 79.03 111
2507,738,13 2 5,40,658455,82.19 73.5 109
2508,735,13 2 4,40,658455,82.19 73.5 109
2509,698,2 13 5,40,658455,73.5 82.19 109
2510,695,2 13 4,40,658455,73.5 82.19 109
2511,720,8 0 15,40,658334,78.24 71.92 117
2512,690,0 8 15,40,658334,71.92 78.24 117
2513,726,10 3 7,40,658197,79.82 74.29 111
2514,700,3 10 7,40,658197,74.29 79.82 111
2515,711,6 6 8,40,658181,76.66 76.66 112
2516,714,7 5 8,40,658111,77.45 75.87 112
2517,707,5 7 8,40,658111,75.87 77.45 112
2518,734,12 2 6,40,658107,81.4 73.5 110
2519,697,2 12 6,40,658107,73.5 81.4 110
2520,718,8 4 8,40,657901,78.24 75.08 112
2521,703,4 8 8,40,657901,75.08 78.24 112
2522,743,15 1 3,40,657811,83.77 72.71 108
2523,692,1 15 3,40,657811,72.71 83.77 108
2524,729,11 2 7,40,657642,80.61 73.5 111
2525,696,2 11 7,40,657642,73.5 80.61 111
2526,741,14 1 5,40,657639,82.98 72.71 109
2527,738,14 1 4,40,657639,82.98 72.71 109
2528,694,1 14 5,40,657639,72.71 82.98 109
2529,691,1 14 4,40,657639,72.71 82.98 109
2530,721,9 3 8,40,657551,79.03 74.29 112
2531,699,3 9 8,40,657551,74.29 79.03 112
2532,737,13 1 6,40,657351,82.19 72.71 110
2533,693,1 13 6,40,657351,72.71 82.19 110
2534,712,6 5 10,40,657211,76.66 75.87 113
2535,709,6 5 9,40,657211,76.66 75.87 113
2536,708,5 6 10,40,657211,75.87 76.66 113
2537,706,5 6 9,40,657211,75.87 76.66 113
2538,715,7 4 10,40,657070,77.45 75.08 113
2539,713,7 4 9,40,657070,77.45 75.08 113
2540,704,4 7 10,40,657070,75.08 77.45 113
2541,702,4 7 9,40,657070,75.08 77.45 113
2542,724,10 2 8,40,657061,79.82 73.5 112
2543,695,2 10 8,40,657061,73.5 79.82 112
2544,732,12 1 7,40,656949,81.4 72.71 111
2545,692,1 12 7,40,656949,72.71 81.4 111
2546,719,8 3 10,40,656788,78.24 74.29 113
2547,716,8 3 9,40,656788,78.24 74.29 113
2548,700,3 8 10,40,656788,74.29 78.24 113
2549,698,3 8 9,40,656788,74.29 78.24 113
2550,744,15 0 5,40,656685,83.77 71.92 109
2551,741,15 0 4,40,656685,83.77 71.92 109
2552,689,0 15 5,40,656685,71.92 83.77 109
2553,687,0 15 4,40,656685,71.92 83.77 109
2554,740,14 0 6,40,656458,82.98 71.92 110
2555,689,0 14 6,40,656458,71.92 82.98 110
2556,728,11 1 8,40,656432,80.61 72.71 112
2557,691,1 11 8,40,656432,72.71 80.61 112
2558,722,9 2 10,40,656364,79.03 73.5 113
2559,720,9 2 9,40,656364,79.03 73.5 113
2560,697,2 9 10,40,656364,73.5 79.03 113
2561,694,2 9 9,40,656364,73.5 79.03 113
2562,707,5 5 11,40,656192,75.87 75.87 114
2563,711,6 4 11,40,656121,76.66 75.08 114
2564,703,4 6 11,40,656121,75.08 76.66 114
2565,735,13 0 7,40,656117,82.19 71.92 111
2566,688,0 13 7,40,656117,71.92 82.19 111
2567,714,7 3 11,40,655907,77.45 74.29 114
2568,699,3 7 11,40,655907,74.29 77.45 114
2569,722,9 9 0,40,655802,79.03 79.03 105
2570,726,10 1 10,40,655800,79.82 72.71 113
2571,723,10 1 9,40,655800,79.82 72.71 113
2572,692,1 10 10,40,655800,72.71 79.82 113
2573,690,1 10 9,40,655800,72.71 79.82 113
2574,726,10 8 0,40,655737,79.82 78.24 105
2575,719,8 10 0,40,655737,78.24 79.82 105
2576,731,12 0 8,40,655662,81.4 71.92 112
2577,687,0 12 8,40,655662,71.92 81.4 112
2578,718,8 2 11,40,655551,78.24 73.5 114
2579,695,2 8 11,40,655551,73.5 78.24 114
2580,730,11 7 0,40,655540,80.61 77.45 105
2581,715,7 11 0,40,655540,77.45 80.61 105
2582,722,9 8 1,40,655428,79.03 78.24 106
2583,718,8 9 1,40,655428,78.24 79.03 106
2584,725,10 7 1,40,655295,79.82 77.45 106
2585,714,7 10 1,40,655295,77.45 79.82 106
2586,733,12 6 0,40,655212,81.4 76.66 105
2587,711,6 12 0,40,655212,76.66 81.4 105
2588,729,11 0 10,40,655094,80.61 71.92 113
2589,726,11 0 9,40,655094,80.61 71.92 113
2590,688,0 11 10,40,655094,71.92 80.61 113
2591,686,0 11 9,40,655094,71.92 80.61 113
2592,706,5 4 12,40,655053,75.87 75.08 115
2593,702,4 5 12,40,655053,75.08 75.87 115
2594,721,9 1 11,40,655053,79.03 72.71 114
2595,691,1 9 11,40,655053,72.71 79.03 114
2596,729,11 6 1,40,655030,80.61 76.66 106
2597,710,6 11 1,40,655030,76.66 80.61 106
2598,717,8 8 2,40,654995,78.24 78.24 107
2599,721,9 7 2,40,654928,79.03 77.45 107
2600,713,7 9 2,40,654928,77.45 79.03 107
2601,709,6 3 12,40,654909,76.66 74.29 115
2602,698,3 6 12,40,654909,74.29 76.66 115
2603,736,13 5 0,40,654753,82.19 75.87 105
2604,707,5 13 0,40,654753,75.87 82.19 105
2605,724,10 6 2,40,654727,79.82 76.66 107
2606,710,6 10 2,40,654727,76.66 79.82 107
2607,732,12 5 1,40,654633,81.4 75.87 106
2608,707,5 12 1,40,654633,75.87 81.4 106
2609,713,7 2 12,40,654622,77.45 73.5 115
2610,694,2 7 12,40,654622,73.5 77.45 115
2611,716,8 7 3,40,654438,78.24 77.45 108
2612,712,7 8 3,40,654438,77.45 78.24 108
2613,724,10 0 11,40,654412,79.82 71.92 114
2614,687,0 10 11,40,654412,71.92 79.82 114
2615,727,11 5 2,40,654393,80.61 75.87 107
2616,706,5 11 2,40,654393,75.87 80.61 107
2617,719,9 6 3,40,654303,79.03 76.66 108
2618,709,6 9 3,40,654303,76.66 79.03 108
2619,716,8 1 12,40,654191,78.24 72.71 115
2620,690,1 8 12,40,654191,72.71 78.24 115
2621,739,14 4 0,40,654163,82.98 75.08 105
2622,703,4 14 0,40,654163,75.08 82.98 105
2623,735,13 4 1,40,654103,82.19 75.08 106
2624,703,4 13 1,40,654103,75.08 82.19 106
2625,723,10 5 3,40,654034,79.82 75.87 108
2626,705,5 10 3,40,654034,75.87 79.82 108
2627,731,12 4 2,40,653925,81.4 75.08 107
2628,702,4 12 2,40,653925,75.08 81.4 107
2629,703,4 4 14,40,653866,75.08 75.08 116
2630,701,4 4 13,40,653866,75.08 75.08 116
2631,714,7 7 5,40,653826,77.45 77.45 109
2632,711,7 7 4,40,653826,77.45 77.45 109
2633,707,5 3 14,40,653794,75.87 74.29 116
2634,704,5 3 13,40,653794,75.87 74.29 116
2635,699,3 5 14,40,653794,74.29 75.87 116
2636,697,3 5 13,40,653794,74.29 75.87 116
2637,717,8 6 5,40,653758,78.24 76.66 109
2638,715,8 6 4,40,653758,78.24 76.66 109
2639,710,6 8 5,40,653758,76.66 78.24 109
2640,708,6 8 4,40,653758,76.66 78.24 109
2641,726,11 4 3,40,653629,80.61 75.08 108
2642,701,4 11 3,40,653629,75.08 80.61 108
2643,719,9 0 12,40,653616,79.03 71.92 115
2644,686,0 9 12,40,653616,71.92 79.03 115
2645,710,6 2 14,40,653576,76.66 73.5 116
2646,708,6 2 13,40,653576,76.66 73.5 116
2647,695,2 6 14,40,653576,73.5 76.66 116
2648,693,2 6 13,40,653576,73.5 76.66 116
2649,721,9 5 5,40,653554,79.03 75.87 109
2650,718,9 5 4,40,653554,79.03 75.87 109
2651,706,5 9 5,40,653554,75.87 79.03 109
2652,704,5 9 4,40,653554,75.87 79.03 109
2653,738,14 3 1,40,653441,82.98 74.29 106
2654,698,3 14 1,40,653441,74.29 82.98 106
2655,743,15 3 0,40,653441,83.77 74.29 105
2656,699,3 15 0,40,653441,74.29 83.77 105
2657,734,13 3 2,40,653324,82.19 74.29 107
2658,698,3 13 2,40,653324,74.29 82.19 107
2659,714,7 1 14,40,653214,77.45 72.71 116
2660,711,7 1 13,40,653214,77.45 72.71 116
2661,692,1 7 14,40,653214,72.71 77.45 116
2662,689,1 7 13,40,653214,72.71 77.45 116
2663,724,10 4 5,40,653213,79.82 75.08 109
2664,722,10 4 4,40,653213,79.82 75.08 109
2665,703,4 10 5,40,653213,75.08 79.82 109
2666,700,4 10 4,40,653213,75.08 79.82 109
2667,713,7 6 6,40,653092,77.45 76.66 110
2668,709,6 7 6,40,653092,76.66 77.45 110
2669,730,12 3 3,40,653089,81.4 74.29 108
2670,697,3 12 3,40,653089,74.29 81.4 108
2671,716,8 5 6,40,652954,78.24 75.87 110
2672,705,5 8 6,40,652954,75.87 78.24 110
2673,728,11 3 5,40,652737,80.61 74.29 109
2674,725,11 3 4,40,652737,80.61 74.29 109
2675,699,3 11 5,40,652737,74.29 80.61 109
2676,696,3 11 4,40,652737,74.29 80.61 109
2677,717,8 0 14,40,652707,78.24 71.92 116
2678,715,8 0 13,40,652707,78.24 71.92 116
2679,687,0 8 14,40,652707,71.92 78.24 116
2680,685,0 8 13,40,652707,71.92 78.24 116
2681,720,9 4 6,40,652679,79.03 75.08 110
2682,702,4 9 6,40,652679,75.08 79.03 110
2683,741,15 2 1,40,652647,83.77 73.5 106
2684,694,2 15 1,40,652647,73.5 83.77 106
2685,737,14 2 2,40,652589,82.98 73.5 107
2686,694,2 14 2,40,652589,73.5 82.98 107
2687,702,4 3 15,40,652561,75.08 74.29 117
2688,698,3 4 15,40,652561,74.29 75.08 117
2689,705,5 2 15,40,652415,75.87 73.5 117
2690,694,2 5 15,40,652415,73.5 75.87 117
2691,733,13 2 3,40,652415,82.19 73.5 108
2692,693,2 13 3,40,652415,73.5 82.19 108
2693,708,6 6 7,40,652304,76.66 76.66 111
2694,723,10 3 6,40,652267,79.82 74.29 110
2695,698,3 10 6,40,652267,74.29 79.82 110
2696,712,7 5 7,40,652235,77.45 75.87 111
2697,704,5 7 7,40,652235,75.87 77.45 111
2698,731,12 2 5,40,652124,81.4 73.5 109
2699,728,12 2 4,40,652124,81.4 73.5 109
2700,695,2 12 5,40,652124,73.5 81.4 109
2701,692,2 12 4,40,652124,73.5 81.4 109
2702,709,6 1 15,40,652122,76.66 72.71 117
2703,690,1 6 15,40,652122,72.71 76.66 117
2704,715,8 4 7,40,652027,78.24 75.08 111
2705,701,4 8 7,40,652027,75.08 78.24 111
2706,740,15 1 2,40,651720,83.77 72.71 107
2707,689,1 15 2,40,651720,72.71 83.77 107
2708,726,11 2 6,40,651718,80.61 73.5 110
2709,694,2 11 6,40,651718,73.5 80.61 110
2710,712,7 0 15,40,651684,77.45 71.92 117
2711,686,0 7 15,40,651684,71.92 77.45 117
2712,719,9 3 7,40,651680,79.03 74.29 111
2713,697,3 9 7,40,651680,74.29 79.03 111
2714,736,14 1 3,40,651605,82.98 72.71 108
2715,689,1 14 3,40,651605,72.71 82.98 108
2716,707,6 5 8,40,651395,76.66 75.87 112
2717,703,5 6 8,40,651395,75.87 76.66 112
2718,734,13 1 5,40,651375,82.19 72.71 109
2719,731,13 1 4,40,651375,82.19 72.71 109
2720,690,1 13 5,40,651375,72.71 82.19 109
2721,688,1 13 4,40,651375,72.71 82.19 109
2722,710,7 4 8,40,651255,77.45 75.08 112
2723,699,4 7 8,40,651255,75.08 77.45 112
2724,722,10 2 7,40,651195,79.82 73.5 111
2725,693,2 10 7,40,651195,73.5 79.82 111
2726,730,12 1 6,40,651031,81.4 72.71 110
2727,690,1 12 6,40,651031,72.71 81.4 110
2728,714,8 3 8,40,650976,78.24 74.29 112
2729,696,3 8 8,40,650976,74.29 78.24 112
2730,739,15 0 3,40,650661,83.77 71.92 108
2731,684,0 15 3,40,650661,71.92 83.77 108
2732,725,11 1 7,40,650571,80.61 72.71 111
2733,689,1 11 7,40,650571,72.71 80.61 111
2734,717,9 2 8,40,650556,79.03 73.5 112
2735,692,2 9 8,40,650556,73.5 79.03 112
2736,737,14 0 5,40,650490,82.98 71.92 109
2737,734,14 0 4,40,650490,82.98 71.92 109
2738,686,0 14 5,40,650490,71.92 82.98 109
2739,684,0 14 4,40,650490,71.92 82.98 109
2740,704,5 5 10,40,650436,75.87 75.87 113
2741,702,5 5 9,40,650436,75.87 75.87 113
2742,708,6 4 10,40,650365,76.66 75.08 113
2743,706,6 4 9,40,650365,76.66 75.08 113
2744,701,4 6 10,40,650365,75.08 76.66 113
2745,698,4 6 9,40,650365,75.08 76.66 113
2746,733,13 0 6,40,650206,82.19 71.92 110
2747,685,0 13 6,40,650206,71.92 82.19 110
2748,712,7 3 10,40,650154,77.45 74.29 113
2749,709,7 3 9,40,650154,77.45 74.29 113
2750,697,3 7 10,40,650154,74.29 77.45 113
2751,695,3 7 9,40,650154,74.29 77.45 113
2752,721,10 1 8,40,649996,79.82 72.71 112
2753,688,1 10 8,40,649996,72.71 79.82 112
2754,728,12 0 7,40,649808,81.4 71.92 111
2755,684,0 12 7,40,649808,71.92 81.4 111
2756,715,8 2 10,40,649801,78.24 73.5 113
2757,713,8 2 9,40,649801,78.24 73.5 113
2758,693,2 8 10,40,649801,73.5 78.24 113
2759,691,2 8 9,40,649801,73.5 78.24 113
2760,703,5 4 11,40,649357,75.87 75.08 114
2761,700,4 5 11,40,649357,75.08 75.87 114
2762,718,9 1 10,40,649307,79.03 72.71 113
2763,716,9 1 9,40,649307,79.03 72.71 113
2764,689,1 9 10,40,649307,72.71 79.03 113
2765,687,1 9 9,40,649307,72.71 79.03 113
2766,724,11 0 8,40,649297,80.61 71.92 112
2767,684,0 11 8,40,649297,71.92 80.61 112
2768,719,9 8 0,40,649244,79.03 78.24 105
2769,715,8 9 0,40,649244,78.24 79.03 105
2770,707,6 3 11,40,649214,76.66 74.29 114
2771,696,3 6 11,40,649214,74.29 76.66 114
2772,722,10 7 0,40,649113,79.82 77.45 105
2773,712,7 10 0,40,649113,77.45 79.82 105
2774,710,7 2 11,40,648929,77.45 73.5 114
2775,692,2 7 11,40,648929,73.5 77.45 114
2776,714,8 8 1,40,648873,78.24 78.24 106
2777,726,11 6 0,40,648851,80.61 76.66 105
2778,708,6 11 0,40,648851,76.66 80.61 105
2779,718,9 7 1,40,648807,79.03 77.45 106
2780,711,7 9 1,40,648807,77.45 79.03 106
2781,722,10 0 10,40,648672,79.82 71.92 113
2782,719,10 0 9,40,648672,79.82 71.92 113
2783,685,0 10 10,40,648672,71.92 79.82 113
2784,683,0 10 9,40,648672,71.92 79.82 113
2785,721,10 6 1,40,648608,79.82 76.66 106
2786,707,6 10 1,40,648608,76.66 79.82 106
2787,714,8 1 11,40,648502,78.24 72.71 114
2788,688,1 8 11,40,648502,72.71 78.24 114
2789,729,12 5 0,40,648457,81.4 75.87 105
2790,704,5 12 0,40,648457,75.87 81.4 105
2791,713,8 7 2,40,648379,78.24 77.45 107
2792,710,7 8 2,40,648379,77.45 78.24 107
2793,725,11 5 1,40,648277,80.61 75.87 106
2794,703,5 11 1,40,648277,75.87 80.61 106
2795,717,9 6 2,40,648245,79.03 76.66 107
2796,706,6 9 2,40,648245,76.66 79.03 107
2797,698,4 4 12,40,648229,75.08 75.08 115
2798,702,5 3 12,40,648158,75.87 74.29 115
2799,695,3 5 12,40,648158,74.29 75.87 115
2800,720,10 5 2,40,647978,79.82 75.87 107
2801,702,5 10 2,40,647978,75.87 79.82 107
2802,705,6 2 12,40,647942,76.66 73.5 115
2803,691,2 6 12,40,647942,73.5 76.66 115
2804,717,9 0 11,40,647933,79.03 71.92 114
2805,684,0 9 11,40,647933,71.92 79.03 114
2806,732,13 4 0,40,647933,82.19 75.08 105
2807,700,4 13 0,40,647933,75.08 82.19 105
2808,709,7 7 3,40,647828,77.45 77.45 108
2809,728,12 4 1,40,647814,81.4 75.08 106
2810,699,4 12 1,40,647814,75.08 81.4 106
2811,712,8 6 3,40,647760,78.24 76.66 108
2812,705,6 8 3,40,647760,76.66 78.24 108
2813,709,7 1 12,40,647583,77.45 72.71 115
2814,687,1 7 12,40,647583,72.71 77.45 115
2815,724,11 4 2,40,647577,80.61 75.08 107
2816,698,4 11 2,40,647577,75.08 80.61 107
2817,716,9 5 3,40,647558,79.03 75.87 108
2818,701,5 9 3,40,647558,75.87 79.03 108
2819,736,14 3 0,40,647277,82.98 74.29 105
2820,696,3 14 0,40,647277,74.29 82.98 105
2821,719,10 4 3,40,647221,79.82 75.08 108
2822,697,4 10 3,40,647221,75.08 79.82 108
2823,731,13 3 1,40,647218,82.19 74.29 106
2824,695,3 13 1,40,647218,74.29 82.19 106
2825,710,7 6 5,40,647154,77.45 76.66 109
2826,708,7 6 4,40,647154,77.45 76.66 109
2827,707,6 7 5,40,647154,76.66 77.45 109
2828,704,6 7 4,40,647154,76.66 77.45 109
2829,712,8 0 12,40,647080,78.24 71.92 115
2830,683,0 8 12,40,647080,71.92 78.24 115
2831,727,12 3 2,40,647042,81.4 74.29 107
2832,694,3 12 2,40,647042,74.29 81.4 107
2833,714,8 5 5,40,647018,78.24 75.87 109
2834,711,8 5 4,40,647018,78.24 75.87 109
2835,703,5 8 5,40,647018,75.87 78.24 109
2836,700,5 8 4,40,647018,75.87 78.24 109
2837,699,4 3 14,40,646983,75.08 74.29 116
2838,697,4 3 13,40,646983,75.08 74.29 116
2839,696,3 4 14,40,646983,74.29 75.08 116
2840,693,3 4 13,40,646983,74.29 75.08 116
2841,703,5 2 14,40,646838,75.87 73.5 116
2842,701,5 2 13,40,646838,75.87 73.5 116
2843,692,2 5 14,40,646838,73.5 75.87 116
2844,690,2 5 13,40,646838,73.5 75.87 116
2845,722,11 3 3,40,646748,80.61 74.29 108
2846,694,3 11 3,40,646748,74.29 80.61 108
2847,717,9 4 5,40,646746,79.03 75.08 109
2848,715,9 4 4,40,646746,79.03 75.08 109
2849,699,4 9 5,40,646746,75.08 79.03 109
2850,697,4 9 4,40,646746,75.08 79.03 109
2851,706,6 1 14,40,646549,76.66 72.71 116
2852,704,6 1 13,40,646549,76.66 72.71 116
2853,688,1 6 14,40,646549,72.71 76.66 116
2854,686,1 6 13,40,646549,72.71 76.66 116
2855,734,14 2 1,40,646490,82.98 73.5 106
2856,691,2 14 1,40,646490,73.5 82.98 106
2857,739,15 2 0,40,646490,83.77 73.5 105
2858,692,2 15 0,40,646490,73.5 83.77 105
2859,706,6 6 6,40,646427,76.66 76.66 110
2860,730,13 2 2,40,646374,82.19 73.5 107
2861,690,2 13 2,40,646374,73.5 82.19 107
2862,709,7 5 6,40,646359,77.45 75.87 110
2863,702,5 7 6,40,646359,75.87 77.45 110
2864,721,10 3 5,40,646337,79.82 74.29 109
2865,718,10 3 4,40,646337,79.82 74.29 109
2866,695,3 10 5,40,646337,74.29 79.82 109
2867,693,3 10 4,40,646337,74.29 79.82 109
2868,713,8 4 6,40,646153,78.24 75.08 110
2869,698,4 8 6,40,646153,75.08 78.24 110
2870,726,12 2 3,40,646141,81.4 73.5 108
2871,689,2 12 3,40,646141,73.5 81.4 108
2872,710,7 0 14,40,646114,77.45 71.92 116
2873,707,7 0 13,40,646114,77.45 71.92 116
2874,684,0 7 14,40,646114,71.92 77.45 116
2875,682,0 7 13,40,646114,71.92 77.45 116
2876,716,9 3 6,40,645809,79.03 74.29 110
2877,694,3 9 6,40,645809,74.29 79.03 110
2878,724,11 2 5,40,645793,80.61 73.5 109
2879,721,11 2 4,40,645793,80.61 73.5 109
2880,691,2 11 5,40,645793,73.5 80.61 109
2881,689,2 11 4,40,645793,73.5 80.61 109
2882,694,3 3 15,40,645692,74.29 74.29 117
2883,737,15 1 1,40,645629,83.77 72.71 106
2884,687,1 15 1,40,645629,72.71 83.77 106
2885,698,4 2 15,40,645619,75.08 73.5 117
2886,691,2 4 15,40,645619,73.5 75.08 117
2887,704,6 5 7,40,645579,76.66 75.87 111
2888,701,5 6 7,40,645579,75.87 76.66 111
2889,733,14 1 2,40,645572,82.98 72.71 107
2890,686,1 14 2,40,645572,72.71 82.98 107
2891,708,7 4 7,40,645441,77.45 75.08 111
2892,697,4 7 7,40,645441,75.08 77.45 111
2893,702,5 1 15,40,645399,75.87 72.71 117
2894,687,1 5 15,40,645399,72.71 75.87 117
2895,729,13 1 3,40,645399,82.19 72.71 108
2896,685,1 13 3,40,645399,72.71 82.19 108
2897,719,10 2 6,40,645328,79.82 73.5 110
2898,690,2 10 6,40,645328,73.5 79.82 110
2899,711,8 3 7,40,645163,78.24 74.29 111
2900,693,3 8 7,40,645163,74.29 78.24 111
2901,727,12 1 5,40,645112,81.4 72.71 109
2902,724,12 1 4,40,645112,81.4 72.71 109
2903,687,1 12 5,40,645112,72.71 81.4 109
2904,685,1 12 4,40,645112,72.71 81.4 109
2905,705,6 0 15,40,645034,76.66 71.92 117
2906,683,0 6 15,40,645034,71.92 76.66 117
2907,715,9 2 7,40,644747,79.03 73.5 111
2908,689,2 9 7,40,644747,73.5 79.03 111
2909,723,11 1 6,40,644710,80.61 72.71 110
2910,686,1 11 6,40,644710,72.71 80.61 110
2911,700,5 5 8,40,644680,75.87 75.87 112
2912,736,15 0 2,40,644636,83.77 71.92 107
2913,682,0 15 2,40,644636,71.92 83.77 107
2914,703,6 4 8,40,644610,76.66 75.08 112
2915,696,4 6 8,40,644610,75.08 76.66 112
2916,732,14 0 3,40,644522,82.98 71.92 108
2917,681,0 14 3,40,644522,71.92 82.98 108
2918,707,7 3 8,40,644400,77.45 74.29 112
2919,692,3 7 8,40,644400,74.29 77.45 112
2920,730,13 0 5,40,644295,82.19 71.92 109
2921,727,13 0 4,40,644295,82.19 71.92 109
2922,683,0 13 5,40,644295,71.92 82.19 109
2923,680,0 13 4,40,644295,71.92 82.19 109
2924,718,10 1 7,40,644193,79.82 72.71 111
2925,685,1 10 7,40,644193,72.71 79.82 111
2926,710,8 2 8,40,644050,78.24 73.5 112
2927,688,2 8 8,40,644050,73.5 78.24 112
2928,726,12 0 6,40,643954,81.4 71.92 110
2929,682,0 12 6,40,643954,71.92 81.4 110
2930,701,5 4 10,40,643661,75.87 75.08 113
2931,698,5 4 9,40,643661,75.87 75.08 113
2932,697,4 5 10,40,643661,75.08 75.87 113
2933,695,4 5 9,40,643661,75.08 75.87 113
2934,713,9 1 8,40,643561,79.03 72.71 112
2935,684,1 9 8,40,643561,72.71 79.03 112
2936,704,6 3 10,40,643519,76.66 74.29 113
2937,702,6 3 9,40,643519,76.66 74.29 113
2938,693,3 6 10,40,643519,74.29 76.66 113
2939,691,3 6 9,40,643519,74.29 76.66 113
2940,721,11 0 7,40,643499,80.61 71.92 111
2941,681,0 11 7,40,643499,71.92 80.61 111
2942,708,7 2 10,40,643237,77.45 73.5 113
2943,705,7 2 9,40,643237,77.45 73.5 113
2944,690,2 7 10,40,643237,73.5 77.45 113
2945,687,2 7 9,40,643237,73.5 77.45 113
2946,717,10 0 8,40,642931,79.82 71.92 112
2947,680,0 10 8,40,642931,71.92 79.82 112
2948,711,8 1 10,40,642814,78.24 72.71 113
2949,709,8 1 9,40,642814,78.24 72.71 113
2950,686,1 8 10,40,642814,72.71 78.24 113
2951,683,1 8 9,40,642814,72.71 78.24 113
2952,712,8 8 0,40,642752,78.24 78.24 105
2953,715,9 7 0,40,642686,79.03 77.45 105
2954,708,7 9 0,40,642686,77.45 79.03 105
2955,696,4 4 11,40,642593,75.08 75.08 114
2956,700,5 3 11,40,642521,75.87 74.29 114
2957,692,3 5 11,40,642521,74.29 75.87 114
2958,719,10 6 0,40,642489,79.82 76.66 105
2959,704,6 10 0,40,642489,76.66 79.82 105
2960,711,8 7 1,40,642319,78.24 77.45 106
2961,707,7 8 1,40,642319,77.45 78.24 106
2962,703,6 2 11,40,642308,76.66 73.5 114
2963,688,2 6 11,40,642308,73.5 76.66 114
2964,714,9 0 10,40,642249,79.03 71.92 113
2965,712,9 0 9,40,642249,79.03 71.92 113
2966,682,0 9 10,40,642249,71.92 79.03 113
2967,679,0 9 9,40,642249,71.92 79.03 113
2968,714,9 6 1,40,642187,79.03 76.66 106
2969,703,6 9 1,40,642187,76.66 79.03 106
2970,722,11 5 0,40,642162,80.61 75.87 105
2971,700,5 11 0,40,642162,75.87 80.61 105
2972,706,7 1 11,40,641952,77.45 72.71 114
2973,684,1 7 11,40,641952,72.71 77.45 114
2974,718,10 5 1,40,641922,79.82 75.87 106
2975,700,5 10 1,40,641922,75.87 79.82 106
2976,706,7 7 2,40,641829,77.45 77.45 107
2977,710,8 6 2,40,641762,78.24 76.66 107
2978,702,6 8 2,40,641762,76.66 78.24 107
2979,725,12 4 0,40,641703,81.4 75.08 105
2980,697,4 12 0,40,641703,75.08 81.4 105
2981,713,9 5 2,40,641562,79.03 75.87 107
2982,699,5 9 2,40,641562,75.87 79.03 107
2983,721,11 4 1,40,641525,80.61 75.08 106
2984,696,4 11 1,40,641525,75.08 80.61 106
2985,710,8 0 11,40,641453,78.24 71.92 114
2986,680,0 8 11,40,641453,71.92 78.24 114
2987,695,4 3 12,40,641406,75.08 74.29 115
2988,691,3 4 12,40,641406,74.29 75.08 115
2989,698,5 2 12,40,641262,75.87 73.5 115
2990,687,2 5 12,40,641262,73.5 75.87 115
2991,717,10 4 2,40,641228,79.82 75.08 107
2992,695,4 10 2,40,641228,75.08 79.82 107
2993,705,7 6 3,40,641217,77.45 76.66 108
2994,701,6 7 3,40,641217,76.66 77.45 108
2995,729,13 3 0,40,641112,82.19 74.29 105
2996,693,3 13 0,40,641112,74.29 82.19 105
2997,709,8 5 3,40,641082,78.24 75.87 108
2998,698,5 8 3,40,641082,75.87 78.24 108
2999,724,12 3 1,40,640995,81.4 74.29 106
3000,692,3 12 1,40,640995,74.29 81.4 106
3001,702,6 1 12,40,640975,76.66 72.71 115
3002,683,1 6 12,40,640975,72.71 76.66 115
3003,712,9 4 3,40,640813,79.03 75.08 108
3004,694,4 9 3,40,640813,75.08 79.03 108
3005,720,11 3 2,40,640760,80.61 74.29 107
3006,691,3 11 2,40,640760,74.29 80.61 107
3007,703,6 6 5,40,640551,76.66 76.66 109
3008,700,6 6 4,40,640551,76.66 76.66 109
3009,705,7 0 12,40,640544,77.45 71.92 115
3010,679,0 7 12,40,640544,71.92 77.45 115
3011,707,7 5 5,40,640483,77.45 75.87 109
3012,704,7 5 4,40,640483,77.45 75.87 109
3013,699,5 7 5,40,640483,75.87 77.45 109
3014,697,5 7 4,40,640483,75.87 77.45 109
3015,715,10 3 3,40,640408,79.82 74.29 108
3016,690,3 10 3,40,640408,74.29 79.82 108
3017,732,14 2 0,40,640391,82.98 73.5 105
3018,688,2 14 0,40,640391,73.5 82.98 105
3019,727,13 2 1,40,640333,82.19 73.5 106
3020,688,2 13 1,40,640333,73.5 82.19 106
3021,710,8 4 5,40,640279,78.24 75.08 109
3022,707,8 4 4,40,640279,78.24 75.08 109
3023,696,4 8 5,40,640279,75.08 78.24 109
3024,693,4 8 4,40,640279,75.08 78.24 109
3025,692,3 3 14,40,640173,74.29 74.29 116
3026,690,3 3 13,40,640173,74.29 74.29 116
3027,723,12 2 2,40,640159,81.4 73.5 107
3028,687,2 12 2,40,640159,73.5 81.4 107
3029,696,4 2 14,40,640101,75.08 73.5 116
3030,693,4 2 13,40,640101,75.08 73.5 116
3031,688,2 4 14,40,640101,73.5 75.08 116
3032,686,2 4 13,40,640101,73.5 75.08 116
3033,713,9 3 5,40,639938,79.03 74.29 109
3034,711,9 3 4,40,639938,79.03 74.29 109
3035,692,3 9 5,40,639938,74.29 79.03 109
3036,689,3 9 4,40,639938,74.29 79.03 109
3037,699,5 1 14,40,639883,75.87 72.71 116
3038,697,5 1 13,40,639883,75.87 72.71 116
3039,684,1 5 14,40,639883,72.71 75.87 116
3040,682,1 5 13,40,639883,72.71 75.87 116
3041,719,11 2 3,40,639868,80.61 73.5 108
3042,686,2 11 3,40,639868,73.5 80.61 108
3043,702,6 5 6,40,639763,76.66 75.87 110
3044,698,5 6 6,40,639763,75.87 76.66 110
3045,705,7 4 6,40,639626,77.45 75.08 110
3046,694,4 7 6,40,639626,75.08 77.45 110
3047,730,14 1 1,40,639538,82.98 72.71 106
3048,684,1 14 1,40,639538,72.71 82.98 106
3049,735,15 1 0,40,639538,83.77 72.71 105
3050,684,1 15 0,40,639538,72.71 83.77 105
3051,703,6 0 14,40,639521,76.66 71.92 116
3052,700,6 0 13,40,639521,76.66 71.92 116
3053,680,0 6 14,40,639521,71.92 76.66 116
3054,678,0 6 13,40,639521,71.92 76.66 116
3055,717,10 2 5,40,639462,79.82 73.5 109
3056,714,10 2 4,40,639462,79.82 73.5 109
3057,688,2 10 5,40,639462,73.5 79.82 109
3058,685,2 10 4,40,639462,73.5 79.82 109
3059,726,13 1 2,40,639423,82.19 72.71 107
3060,683,1 13 2,40,639423,72.71 82.19 107
3061,709,8 3 6,40,639351,78.24 74.29 110
3062,691,3 8 6,40,639351,74.29 78.24 110
3063,722,12 1 3,40,639194,81.4 72.71 108
3064,682,1 12 3,40,639194,72.71 81.4 108
3065,712,9 2 6,40,638939,79.03 73.5 110
3066,687,2 9 6,40,638939,73.5 79.03 110
3067,697,5 5 7,40,638924,75.87 75.87 111
3068,701,6 4 7,40,638854,76.66 75.08 111
3069,693,4 6 7,40,638854,75.08 76.66 111
3070,720,11 1 5,40,638849,80.61 72.71 109
3071,717,11 1 4,40,638849,80.61 72.71 109
3072,684,1 11 5,40,638849,72.71 80.61 109
3073,681,1 11 4,40,638849,72.71 80.61 109
3074,691,3 2 15,40,638823,74.29 73.5 117
3075,687,2 3 15,40,638823,73.5 74.29 117
3076,694,4 1 15,40,638676,75.08 72.71 117
3077,683,1 4 15,40,638676,72.71 75.08 117
3078,704,7 3 7,40,638646,77.45 74.29 111
3079,690,3 7 7,40,638646,74.29 77.45 111
3080,733,15 0 1,40,638612,83.77 71.92 106
3081,679,0 15 1,40,638612,71.92 83.77 106
3082,729,14 0 2,40,638555,82.98 71.92 107
3083,679,0 14 2,40,638555,71.92 82.98 107
3084,715,10 1 6,40,638389,79.82 72.71 110
3085,683,1 10 6,40,638389,72.71 79.82 110
3086,698,5 0 15,40,638384,75.87 71.92 117
3087,679,0 5 15,40,638384,71.92 75.87 117
3088,725,13 0 3,40,638384,82.19 71.92 108
3089,678,0 13 3,40,638384,71.92 82.19 108
3090,708,8 2 7,40,638300,78.24 73.5 111
3091,686,2 8 7,40,638300,73.5 78.24 111
3092,723,12 0 5,40,638100,81.4 71.92 109
3093,720,12 0 4,40,638100,81.4 71.92 109
3094,680,0 12 5,40,638100,71.92 81.4 109
3095,677,0 12 4,40,638100,71.92 81.4 109
3096,696,5 4 8,40,637964,75.87 75.08 112
3097,692,4 5 8,40,637964,75.08 75.87 112
3098,699,6 3 8,40,637825,76.66 74.29 112
3099,689,3 6 8,40,637825,74.29 76.66 112
3100,711,9 1 7,40,637815,79.03 72.71 111
3101,682,1 9 7,40,637815,72.71 79.03 111
3102,719,11 0 6,40,637702,80.61 71.92 110
3103,679,0 11 6,40,637702,71.92 80.61 110
3104,703,7 2 8,40,637545,77.45 73.5 112
3105,685,2 7 8,40,637545,73.5 77.45 112
3106,714,10 0 7,40,637191,79.82 71.92 111
3107,678,0 10 7,40,637191,71.92 79.82 111
3108,706,8 1 8,40,637125,78.24 72.71 112
3109,681,1 8 8,40,637125,72.71 78.24 112
3110,693,4 4 10,40,636956,75.08 75.08 113
3111,691,4 4 9,40,636956,75.08 75.08 113
3112,697,5 3 10,40,636885,75.87 74.29 113
3113,695,5 3 9,40,636885,75.87 74.29 113
3114,690,3 5 10,40,636885,74.29 75.87 113
3115,687,3 5 9,40,636885,74.29 75.87 113
3116,701,6 2 10,40,636673,76.66 73.5 113
3117,698,6 2 9,40,636673,76.66 73.5 113
3118,686,2 6 10,40,636673,73.5 76.66 113
3119,684,2 6 9,40,636673,73.5 76.66 113
3120,709,9 0 8,40,636565,79.03 71.92 112
3121,677,0 9 8,40,636565,71.92 79.03 112
3122,704,7 1 10,40,636321,77.45 72.71 113
3123,702,7 1 9,40,636321,77.45 72.71 113
3124,682,1 7 10,40,636321,72.71 77.45 113
3125,680,1 7 9,40,636321,72.71 77.45 113
3126,708,8 7 0,40,636259,78.24 77.45 105
3127,704,7 8 0,40,636259,77.45 78.24 105
3128,712,9 6 0,40,636128,79.03 76.66 105
3129,701,6 9 0,40,636128,76.66 79.03 105
3130,715,10 5 0,40,635866,79.82 75.87 105
3131,697,5 10 0,40,635866,75.87 79.82 105
3132,704,7 7 1,40,635831,77.45 77.45 106
3133,692,4 3 11,40,635828,75.08 74.29 114
3134,689,3 4 11,40,635828,74.29 75.08 114
3135,707,8 0 10,40,635827,78.24 71.92 113
3136,705,8 0 9,40,635827,78.24 71.92 113
3137,678,0 8 10,40,635827,71.92 78.24 113
3138,676,0 8 9,40,635827,71.92 78.24 113
3139,707,8 6 1,40,635765,78.24 76.66 106
3140,700,6 8 1,40,635765,76.66 78.24 106
3141,696,5 2 11,40,635686,75.87 73.5 114
3142,685,2 5 11,40,635686,73.5 75.87 114
3143,711,9 5 1,40,635566,79.03 75.87 106
3144,696,5 9 1,40,635566,75.87 79.03 106
3145,718,11 4 0,40,635472,80.61 75.08 105
3146,693,4 11 0,40,635472,75.08 80.61 105
3147,699,6 1 11,40,635401,76.66 72.71 114
3148,681,1 6 11,40,635401,72.71 76.66 114
3149,703,7 6 2,40,635280,77.45 76.66 107
3150,699,6 7 2,40,635280,76.66 77.45 107
3151,714,10 4 1,40,635235,79.82 75.08 106
3152,692,4 10 1,40,635235,75.08 79.82 106
3153,706,8 5 2,40,635146,78.24 75.87 107
3154,695,5 8 2,40,635146,75.87 78.24 107
3155,703,7 0 11,40,634974,77.45 71.92 114
3156,677,0 7 11,40,634974,71.92 77.45 114
3157,722,12 3 0,40,634948,81.4 74.29 105
3158,689,3 12 0,40,634948,74.29 81.4 105
3159,709,9 4 2,40,634879,79.03 75.08 107
3160,691,4 9 2,40,634879,75.08 79.03 107
3161,717,11 3 1,40,634772,80.61 74.29 106
3162,688,3 11 1,40,634772,74.29 80.61 106
3163,698,6 6 3,40,634674,76.66 76.66 108
3164,687,3 3 12,40,634654,74.29 74.29 115
3165,701,7 5 3,40,634607,77.45 75.87 108
3166,694,5 7 3,40,634607,75.87 77.45 108
3167,691,4 2 12,40,634582,75.08 73.5 115
3168,684,2 4 12,40,634582,73.5 75.08 115
3169,713,10 3 2,40,634478,79.82 74.29 107
3170,688,3 10 2,40,634478,74.29 79.82 107
3171,705,8 4 3,40,634404,78.24 75.08 108
3172,691,4 8 3,40,634404,75.08 78.24 108
3173,694,5 1 12,40,634367,75.87 72.71 115
3174,680,1 5 12,40,634367,72.71 75.87 115
3175,725,13 2 0,40,634292,82.19 73.5 105
3176,685,2 13 0,40,634292,73.5 82.19 105
3177,720,12 2 1,40,634176,81.4 73.5 106
3178,684,2 12 1,40,634176,73.5 81.4 106
3179,708,9 3 3,40,634067,79.03 74.29 108
3180,687,3 9 3,40,634067,74.29 79.03 108
3181,698,6 0 12,40,634008,76.66 71.92 115
3182,676,0 6 12,40,634008,71.92 76.66 115
3183,699,6 5 5,40,633947,76.66 75.87 109
3184,697,6 5 4,40,633947,76.66 75.87 109
3185,696,5 6 5,40,633947,75.87 76.66 109
3186,693,5 6 4,40,633947,75.87 76.66 109
3187,716,11 2 2,40,633943,80.61 73.5 107
3188,684,2 11 2,40,633943,73.5 80.61 107
3189,703,7 4 5,40,633811,77.45 75.08 109
3190,700,7 4 4,40,633811,77.45 75.08 109
3191,692,4 7 5,40,633811,75.08 77.45 109
3192,690,4 7 4,40,633811,75.08 77.45 109
3193,712,10 2 3,40,633595,79.82 73.5 108
3194,683,2 10 3,40,633595,73.5 79.82 108
3195,706,8 3 5,40,633539,78.24 74.29 109
3196,704,8 3 4,40,633539,78.24 74.29 109
3197,688,3 8 5,40,633539,74.29 78.24 109
3198,686,3 8 4,40,633539,74.29 78.24 109
3199,728,14 1 0,40,633505,82.98 72.71 105
3200,681,1 14 0,40,633505,72.71 82.98 105
3201,723,13 1 1,40,633448,82.19 72.71 106
3202,680,1 13 1,40,633448,72.71 82.19 106
3203,688,3 2 14,40,633363,74.29 73.5 116
3204,686,3 2 13,40,633363,74.29 73.5 116
3205,685,2 3 14,40,633363,73.5 74.29 116
3206,682,2 3 13,40,633363,73.5 74.29 116
3207,719,12 1 2,40,633275,81.4 72.71 107
3208,680,1 12 2,40,633275,72.71 81.4 107
3209,692,4 1 14,40,633218,75.08 72.71 116
3210,690,4 1 13,40,633218,75.08 72.71 116
3211,681,1 4 14,40,633218,72.71 75.08 116
3212,679,1 4 13,40,633218,72.71 75.08 116
3213,695,5 5 6,40,633168,75.87 75.87 110
3214,710,9 2 5,40,633130,79.03 73.5 109
3215,707,9 2 4,40,633130,79.03 73.5 109
3216,684,2 9 5,40,633130,73.5 79.03 109
3217,682,2 9 4,40,633130,73.5 79.03 109
3218,698,6 4 6,40,633099,76.66 75.08 110
3219,691,4 6 6,40,633099,75.08 76.66 110
3220,715,11 1 3,40,632988,80.61 72.71 108
3221,679,1 11 3,40,632988,72.71 80.61 108
3222,695,5 0 14,40,632928,75.87 71.92 116
3223,693,5 0 13,40,632928,75.87 71.92 116
3224,677,0 5 14,40,632928,71.92 75.87 116
3225,675,0 5 13,40,632928,71.92 75.87 116
3226,702,7 3 6,40,632893,77.45 74.29 110
3227,687,3 7 6,40,632893,74.29 77.45 110
3228,726,14 0 1,40,632587,82.98 71.92 106
3229,676,0 14 1,40,632587,71.92 82.98 106
3230,731,15 0 0,40,632587,83.77 71.92 105
3231,677,0 15 0,40,632587,71.92 83.77 105
3232,713,10 1 5,40,632586,79.82 72.71 109
3233,710,10 1 4,40,632586,79.82 72.71 109
3234,680,1 10 5,40,632586,72.71 79.82 109
3235,678,1 10 4,40,632586,72.71 79.82 109
3236,705,8 2 6,40,632549,78.24 73.5 110
3237,683,2 8 6,40,632549,73.5 78.24 110
3238,722,13 0 2,40,632473,82.19 71.92 107
3239,675,0 13 2,40,632473,71.92 82.19 107
3240,693,5 4 7,40,632268,75.87 75.08 111
3241,690,4 5 7,40,632268,75.08 75.87 111
3242,718,12 0 3,40,632246,81.4 71.92 108
3243,675,0 12 3,40,632246,71.92 81.4 108
3244,697,6 3 7,40,632130,76.66 74.29 111
3245,686,3 6 7,40,632130,74.29 76.66 111
3246,708,9 1 6,40,632068,79.03 72.71 110
3247,679,1 9 6,40,632068,72.71 79.03 110
3248,683,2 2 15,40,632027,73.5 73.5 117
3249,687,3 1 15,40,631954,74.29 72.71 117
3250,680,1 3 15,40,631954,72.71 74.29 117
3251,716,11 0 5,40,631905,80.61 71.92 109
3252,713,11 0 4,40,631905,80.61 71.92 109
3253,676,0 11 5,40,631905,71.92 80.61 109
3254,674,0 11 4,40,631905,71.92 80.61 109
3255,700,7 2 7,40,631852,77.45 73.5 111
3256,682,2 7 7,40,631852,73.5 77.45 111
3257,690,4 0 15,40,631734,75.08 71.92 117
3258,676,0 4 15,40,631734,71.92 75.08 117
3259,712,10 0 6,40,631450,79.82 71.92 110
3260,675,0 10 6,40,631450,71.92 79.82 110
3261,704,8 1 7,40,631436,78.24 72.71 111
3262,678,1 8 7,40,631436,72.71 78.24 111
3263,689,4 4 8,40,631319,75.08 75.08 112
3264,692,5 3 8,40,631249,75.87 74.29 112
3265,685,3 5 8,40,631249,74.29 75.87 112
3266,696,6 2 8,40,631039,76.66 73.5 112
3267,681,2 6 8,40,631039,73.5 76.66 112
3268,707,9 0 7,40,630882,79.03 71.92 111
3269,674,0 9 7,40,630882,71.92 79.03 111
3270,699,7 1 8,40,630689,77.45 72.71 112
3271,677,1 7 8,40,630689,72.71 77.45 112
3272,690,4 3 10,40,630251,75.08 74.29 113
3273,687,4 3 9,40,630251,75.08 74.29 113
3274,686,3 4 10,40,630251,74.29 75.08 113
3275,684,3 4 9,40,630251,74.29 75.08 113
3276,702,8 0 8,40,630200,78.24 71.92 112
3277,673,0 8 8,40,630200,71.92 78.24 112
3278,693,5 2 10,40,630110,75.87 73.5 113
3279,691,5 2 9,40,630110,75.87 73.5 113
3280,682,2 5 10,40,630110,73.5 75.87 113
3281,680,2 5 9,40,630110,73.5 75.87 113
3282,701,7 7 0,40,629833,77.45 77.45 105
3283,697,6 1 10,40,629828,76.66 72.71 113
3284,694,6 1 9,40,629828,76.66 72.71 113
3285,679,1 6 10,40,629828,72.71 76.66 113
3286,676,1 6 9,40,629828,72.71 76.66 113
3287,704,8 6 0,40,629767,78.24 76.66 105
3288,697,6 8 0,40,629767,76.66 78.24 105
3289,708,9 5 0,40,629570,79.03 75.87 105
3290,694,5 9 0,40,629570,75.87 79.03 105
3291,700,7 0 10,40,629404,77.45 71.92 113
3292,698,7 0 9,40,629404,77.45 71.92 113
3293,675,0 7 10,40,629404,71.92 77.45 113
3294,672,0 7 9,40,629404,71.92 77.45 113
3295,700,7 6 1,40,629343,77.45 76.66 106
3296,696,6 7 1,40,629343,76.66 77.45 106
3297,711,10 4 0,40,629242,79.82 75.08 105
3298,690,4 10 0,40,629242,75.08 79.82 105
3299,703,8 5 1,40,629210,78.24 75.87 106
3300,693,5 8 1,40,629210,75.87 78.24 106
3301,685,3 3 11,40,629135,74.29 74.29 114
3302,689,4 2 11,40,629064,75.08 73.5 114
3303,681,2 4 11,40,629064,73.5 75.08 114
3304,707,9 4 1,40,628946,79.03 75.08 106
3305,689,4 9 1,40,628946,75.08 79.03 106
3306,692,5 1 11,40,628851,75.87 72.71 114
3307,677,1 5 11,40,628851,72.71 75.87 114
3308,695,6 6 2,40,628798,76.66 76.66 107
3309,714,11 3 0,40,628783,80.61 74.29 105
3310,686,3 11 0,40,628783,74.29 80.61 105
3311,699,7 5 2,40,628731,77.45 75.87 107
3312,692,5 7 2,40,628731,75.87 77.45 107
3313,710,10 3 1,40,628548,79.82 74.29 106
3314,685,3 10 1,40,628548,74.29 79.82 106
3315,702,8 4 2,40,628530,78.24 75.08 107
3316,688,4 8 2,40,628530,75.08 78.24 107
3317,695,6 0 11,40,628495,76.66 71.92 114
3318,674,0 6 11,40,628495,71.92 76.66 114
3319,706,9 3 2,40,628196,79.03 74.29 107
3320,684,3 9 2,40,628196,74.29 79.03 107
3321,718,12 2 0,40,628193,81.4 73.5 105
3322,682,2 12 0,40,628193,73.5 81.4 105
3323,694,6 5 3,40,628131,76.66 75.87 108
3324,691,5 6 3,40,628131,75.87 76.66 108
3325,713,11 2 1,40,628019,80.61 73.5 106
3326,681,2 11 1,40,628019,73.5 80.61 106
3327,698,7 4 3,40,627996,77.45 75.08 108
3328,687,4 7 3,40,627996,75.08 77.45 108
3329,684,3 2 12,40,627903,74.29 73.5 115
3330,680,2 3 12,40,627903,73.5 74.29 115
3331,687,4 1 12,40,627759,75.08 72.71 115
3332,676,1 4 12,40,627759,72.71 75.08 115
3333,709,10 2 2,40,627728,79.82 73.5 107
3334,680,2 10 2,40,627728,73.5 79.82 107
3335,701,8 3 3,40,627726,78.24 74.29 108
3336,683,3 8 3,40,627726,74.29 78.24 108
3337,691,5 0 12,40,627472,75.87 71.92 115
3338,672,0 5 12,40,627472,71.92 75.87 115
3339,721,13 1 0,40,627472,82.19 72.71 105
3340,678,1 13 0,40,627472,72.71 82.19 105
3341,692,5 5 5,40,627412,75.87 75.87 109
3342,690,5 5 4,40,627412,75.87 75.87 109
3343,716,12 1 1,40,627357,81.4 72.71 106
3344,677,1 12 1,40,627357,72.71 81.4 106
3345,696,6 4 5,40,627344,76.66 75.08 109
3346,693,6 4 4,40,627344,76.66 75.08 109
3347,688,4 6 5,40,627344,75.08 76.66 109
3348,686,4 6 4,40,627344,75.08 76.66 109
3349,704,9 2 3,40,627322,79.03 73.5 108
3350,679,2 9 3,40,627322,73.5 79.03 108
3351,699,7 3 5,40,627139,77.45 74.29 109
3352,697,7 3 4,40,627139,77.45 74.29 109
3353,685,3 7 5,40,627139,74.29 77.45 109
3354,682,3 7 4,40,627139,74.29 77.45 109
3355,712,11 1 2,40,627127,80.61 72.71 107
3356,676,1 11 2,40,627127,72.71 80.61 107
3357,703,8 2 5,40,626799,78.24 73.5 109
3358,700,8 2 4,40,626799,78.24 73.5 109
3359,681,2 8 5,40,626799,73.5 78.24 109
3360,678,2 8 4,40,626799,73.5 78.24 109
3361,708,10 1 3,40,626782,79.82 72.71 108
3362,675,1 10 3,40,626782,72.71 79.82 108
3363,681,2 2 14,40,626625,73.5 73.5 116
3364,679,2 2 13,40,626625,73.5 73.5 116
3365,724,14 0 0,40,626619,82.98 71.92 105
3366,674,0 14 0,40,626619,71.92 82.98 105
3367,691,5 4 6,40,626572,75.87 75.08 110
3368,687,4 5 6,40,626572,75.08 75.87 110
3369,719,13 0 1,40,626562,82.19 71.92 106
3370,673,0 13 1,40,626562,71.92 82.19 106
3371,685,3 1 14,40,626552,74.29 72.71 116
3372,682,3 1 13,40,626552,74.29 72.71 116
3373,677,1 3 14,40,626552,72.71 74.29 116
3374,675,1 3 13,40,626552,72.71 74.29 116
3375,694,6 3 6,40,626435,76.66 74.29 110
3376,684,3 6 6,40,626435,74.29 76.66 110
3377,715,12 0 2,40,626392,81.4 71.92 107
3378,672,0 12 2,40,626392,71.92 81.4 107
3379,688,4 0 14,40,626335,75.08 71.92 116
3380,686,4 0 13,40,626335,75.08 71.92 116
3381,673,0 4 14,40,626335,71.92 75.08 116
3382,671,0 4 13,40,626335,71.92 75.08 116
3383,706,9 1 5,40,626322,79.03 72.71 109
3384,703,9 1 4,40,626322,79.03 72.71 109
3385,677,1 9 5,40,626322,72.71 79.03 109
3386,675,1 9 4,40,626322,72.71 79.03 109
3387,698,7 2 6,40,626160,77.45 73.5 110
3388,680,2 7 6,40,626160,73.5 77.45 110
3389,711,11 0 3,40,626108,80.61 71.92 108
3390,671,0 11 3,40,626108,71.92 80.61 108
3391,701,8 1 6,40,625748,78.24 72.71 110
3392,676,1 8 6,40,625748,72.71 78.24 110
3393,709,10 0 5,40,625710,79.82 71.92 109
3394,706,10 0 4,40,625710,79.82 71.92 109
3395,673,0 10 5,40,625710,71.92 79.82 109
3396,671,0 10 4,40,625710,71.92 79.82 109
3397,686,4 4 7,40,625682,75.08 75.08 111
3398,690,5 3 7,40,625613,75.87 74.29 111
3399,683,3 5 7,40,625613,74.29 75.87 111
3400,693,6 2 7,40,625405,76.66 73.5 111
3401,679,2 6 7,40,625405,73.5 76.66 111
3402,680,2 1 15,40,625231,73.5 72.71 117
3403,676,1 2 15,40,625231,72.71 73.5 117
3404,704,9 0 6,40,625198,79.03 71.92 110
3405,672,0 9 6,40,625198,71.92 79.03 110
3406,683,3 0 15,40,625084,74.29 71.92 117
3407,672,0 3 15,40,625084,71.92 74.29 117
3408,697,7 1 7,40,625058,77.45 72.71 111
3409,675,1 7 7,40,625058,72.71 77.45 111
3410,685,4 3 8,40,624674,75.08 74.29 112
3411,681,3 4 8,40,624674,74.29 75.08 112
3412,700,8 0 7,40,624573,78.24 71.92 111
3413,671,0 8 7,40,624573,71.92 78.24 111
3414,689,5 2 8,40,624534,75.87 73.5 112
3415,678,2 5 8,40,624534,73.5 75.87 112
3416,692,6 1 8,40,624254,76.66 72.71 112
3417,674,1 6 8,40,624254,72.71 76.66 112
3418,695,7 0 8,40,623834,77.45 71.92 112
3419,670,0 7 8,40,623834,71.92 77.45 112
3420,683,3 3 10,40,623617,74.29 74.29 113
3421,680,3 3 9,40,623617,74.29 74.29 113
3422,686,4 2 10,40,623546,75.08 73.5 113
3423,684,4 2 9,40,623546,75.08 73.5 113
3424,679,2 4 10,40,623546,73.5 75.08 113
3425,677,2 4 9,40,623546,73.5 75.08 113
3426,697,7 6 0,40,623406,77.45 76.66 105
3427,694,6 7 0,40,623406,76.66 77.45 105
3428,690,5 1 10,40,623334,75.87 72.71 113
3429,687,5 1 9,40,623334,75.87 72.71 113
3430,675,1 5 10,40,623334,72.71 75.87 113
3431,673,1 5 9,40,623334,72.71 75.87 113
3432,701,8 5 0,40,623274,78.24 75.87 105
3433,690,5 8 0,40,623274,75.87 78.24 105
3434,704,9 4 0,40,623012,79.03 75.08 105
3435,686,4 9 0,40,623012,75.08 79.03 105
3436,693,6 0 10,40,622982,76.66 71.92 113
3437,691,6 0 9,40,622982,76.66 71.92 113
3438,671,0 6 10,40,622982,71.92 76.66 113
3439,669,0 6 9,40,622982,71.92 76.66 113
3440,693,6 6 1,40,622921,76.66 76.66 106
3441,696,7 5 1,40,622855,77.45 75.87 106
3442,689,5 7 1,40,622855,75.87 77.45 106
3443,700,8 4 1,40,622656,78.24 75.08 106
3444,685,4 8 1,40,622656,75.08 78.24 106
3445,707,10 3 0,40,622619,79.82 74.29 105
3446,683,3 10 0,40,622619,74.29 79.82 105
3447,681,3 2 11,40,622443,74.29 73.5 114
3448,678,2 3 11,40,622443,73.5 74.29 114
3449,703,9 3 1,40,622325,79.03 74.29 106
3450,682,3 9 1,40,622325,74.29 79.03 106
3451,692,6 5 2,40,622315,76.66 75.87 107
3452,688,5 6 2,40,622315,75.87 76.66 107
3453,685,4 1 11,40,622300,75.08 72.71 114
3454,674,1 4 11,40,622300,72.71 75.08 114
3455,695,7 4 2,40,622181,77.45 75.08 107
3456,684,4 7 2,40,622181,75.08 77.45 107
3457,711,11 2 0,40,622094,80.61 73.5 105
3458,679,2 11 0,40,622094,73.5 80.61 105
3459,688,5 0 11,40,622015,75.87 71.92 114
3460,670,0 5 11,40,622015,71.92 75.87 114
3461,699,8 3 2,40,621914,78.24 74.29 107
3462,681,3 8 2,40,621914,74.29 78.24 107
3463,706,10 2 1,40,621862,79.82 73.5 106
3464,678,2 10 1,40,621862,73.5 79.82 106
3465,687,5 5 3,40,621656,75.87 75.87 108
3466,691,6 4 3,40,621588,76.66 75.08 108
3467,683,4 6 3,40,621588,75.08 76.66 108
3468,702,9 2 2,40,621513,79.03 73.5 107
3469,677,2 9 2,40,621513,73.5 79.03 107
3470,714,12 1 0,40,621438,81.4 72.71 105
3471,675,1 12 0,40,621438,72.71 81.4 105
3472,694,7 3 3,40,621386,77.45 74.29 108
3473,680,3 7 3,40,621386,74.29 77.45 108
3474,709,11 1 1,40,621266,80.61 72.71 106
3475,674,1 11 1,40,621266,72.71 80.61 106
3476,676,2 2 12,40,621223,73.5 73.5 115
3477,680,3 1 12,40,621151,74.29 72.71 115
3478,673,1 3 12,40,621151,72.71 74.29 115
3479,697,8 2 3,40,621048,78.24 73.5 108
3480,676,2 8 3,40,621048,73.5 78.24 108
3481,705,10 1 2,40,620979,79.82 72.71 107
3482,673,1 10 2,40,620979,72.71 79.82 107
3483,683,4 0 12,40,620935,75.08 71.92 115
3484,669,0 4 12,40,620935,71.92 75.08 115
3485,689,5 4 5,40,620876,75.87 75.08 109
3486,686,5 4 4,40,620876,75.87 75.08 109
3487,685,4 5 5,40,620876,75.08 75.87 109
3488,682,4 5 4,40,620876,75.08 75.87 109
3489,692,6 3 5,40,620740,76.66 74.29 109
3490,690,6 3 4,40,620740,76.66 74.29 109
3491,681,3 6 5,40,620740,74.29 76.66 109
3492,679,3 6 4,40,620740,74.29 76.66 109
3493,717,13 0 0,40,620651,82.19 71.92 105
3494,670,0 13 0,40,620651,71.92 82.19 105
3495,701,9 1 3,40,620576,79.03 72.71 108
3496,672,1 9 3,40,620576,72.71 79.03 108
3497,713,12 0 1,40,620538,81.4 71.92 106
3498,670,0 12 1,40,620538,71.92 81.4 106
3499,695,7 2 5,40,620468,77.45 73.5 109
3500,693,7 2 4,40,620468,77.45 73.5 109
3501,677,2 7 5,40,620468,73.5 77.45 109
3502,675,2 7 4,40,620468,73.5 77.45 109
3503,708,11 0 2,40,620310,80.61 71.92 107
3504,669,0 11 2,40,620310,71.92 80.61 107
3505,699,8 1 5,40,620059,78.24 72.71 109
3506,696,8 1 4,40,620059,78.24 72.71 109
3507,674,1 8 5,40,620059,72.71 78.24 109
3508,671,1 8 4,40,620059,72.71 78.24 109
3509,684,4 4 6,40,620045,75.08 75.08 110
3510,687,5 3 6,40,619977,75.87 74.29 110
3511,680,3 5 6,40,619977,74.29 75.87 110
3512,704,10 0 3,40,619969,79.82 71.92 108
3513,668,0 10 3,40,619969,71.92 79.82 108
3514,677,2 1 14,40,619887,73.5 72.71 116
3515,675,2 1 13,40,619887,73.5 72.71 116
3516,674,1 2 14,40,619887,72.71 73.5 116
3517,671,1 2 13,40,619887,72.71 73.5 116
3518,691,6 2 6,40,619771,76.66 73.5 110
3519,676,2 6 6,40,619771,73.5 76.66 110
3520,681,3 0 14,40,619742,74.29 71.92 116
3521,679,3 0 13,40,619742,74.29 71.92 116
3522,670,0 3 14,40,619742,71.92 74.29 116
3523,668,0 3 13,40,619742,71.92 74.29 116
3524,702,9 0 5,40,619515,79.03 71.92 109
3525,699,9 0 4,40,619515,79.03 71.92 109
3526,670,0 9 5,40,619515,71.92 79.03 109
3527,667,0 9 4,40,619515,71.92 79.03 109
3528,694,7 1 6,40,619427,77.45 72.71 110
3529,673,1 7 6,40,619427,72.71 77.45 110
3530,683,4 3 7,40,619096,75.08 74.29 111
3531,679,3 4 7,40,619096,74.29 75.08 111
3532,686,5 2 7,40,618957,75.87 73.5 111
3533,675,2 5 7,40,618957,73.5 75.87 111
3534,697,8 0 6,40,618946,78.24 71.92 110
3535,669,0 8 6,40,618946,71.92 78.24 110
3536,690,6 1 7,40,618680,76.66 72.71 111
3537,671,1 6 7,40,618680,72.71 76.66 111
3538,672,1 1 15,40,618508,72.71 72.71 117
3539,676,2 0 15,40,618435,73.5 71.92 117
3540,669,0 2 15,40,618435,71.92 73.5 117
3541,693,7 0 7,40,618264,77.45 71.92 111
3542,668,0 7 7,40,618264,71.92 77.45 111
3543,678,3 3 8,40,618098,74.29 74.29 112
3544,681,4 2 8,40,618028,75.08 73.5 112
3545,674,2 4 8,40,618028,73.5 75.08 112
3546,685,5 1 8,40,617818,75.87 72.71 112
3547,670,1 5 8,40,617818,72.71 75.87 112
3548,688,6 0 8,40,617468,76.66 71.92 112
3549,667,0 6 8,40,617468,71.92 76.66 112
3550,690,6 6 0,40,617044,76.66 76.66 105
3551,679,3 2 10,40,616983,74.29 73.5 113
3552,677,3 2 9,40,616983,74.29 73.5 113
3553,675,2 3 10,40,616983,73.5 74.29 113
3554,673,2 3 9,40,616983,73.5 74.29 113
3555,694,7 5 0,40,616979,77.45 75.87 105
3556,687,5 7 0,40,616979,75.87 77.45 105
3557,682,4 1 10,40,616841,75.08 72.71 113
3558,680,4 1 9,40,616841,75.08 72.71 113
3559,672,1 4 10,40,616841,72.71 75.08 113
3560,669,1 4 9,40,616841,72.71 75.08 113
3561,697,8 4 0,40,616782,78.24 75.08 105
3562,683,4 8 0,40,616782,75.08 78.24 105
3563,686,5 0 10,40,616559,75.87 71.92 113
3564,683,5 0 9,40,616559,75.87 71.92 113
3565,668,0 5 10,40,616559,71.92 75.87 113
3566,665,0 5 9,40,616559,71.92 75.87 113
3567,689,6 5 1,40,616499,76.66 75.87 106
3568,686,5 6 1,40,616499,75.87 76.66 106
3569,700,9 3 0,40,616454,79.03 74.29 105
3570,679,3 9 0,40,616454,74.29 79.03 105
3571,693,7 4 1,40,616367,77.45 75.08 106
3572,682,4 7 1,40,616367,75.08 77.45 106
3573,696,8 3 1,40,616102,78.24 74.29 106
3574,678,3 8 1,40,616102,74.29 78.24 106
3575,704,10 2 0,40,615995,79.82 73.5 105
3576,675,2 10 0,40,615995,73.5 79.82 105
3577,685,5 5 2,40,615900,75.87 75.87 107
3578,688,6 4 2,40,615833,76.66 75.08 107
3579,681,4 6 2,40,615833,75.08 76.66 107
3580,674,2 2 11,40,615821,73.5 73.5 114
3581,678,3 1 11,40,615750,74.29 72.71 114
3582,670,1 3 11,40,615750,72.71 74.29 114
3583,699,9 2 1,40,615705,79.03 73.5 106
3584,674,2 9 1,40,615705,73.5 79.03 106
3585,692,7 3 2,40,615632,77.45 74.29 107
3586,677,3 7 2,40,615632,74.29 77.45 107
3587,681,4 0 11,40,615536,75.08 71.92 114
3588,667,0 4 11,40,615536,71.92 75.08 114
3589,707,11 1 0,40,615405,80.61 72.71 105
3590,671,1 11 0,40,615405,72.71 80.61 105
3591,695,8 2 2,40,615298,78.24 73.5 107
3592,673,2 8 2,40,615298,73.5 78.24 107
3593,684,5 4 3,40,615180,75.87 75.08 108
3594,680,4 5 3,40,615180,75.08 75.87 108
3595,703,10 1 1,40,615175,79.82 72.71 106
3596,670,1 10 1,40,615175,72.71 79.82 106
3597,687,6 3 3,40,615045,76.66 74.29 108
3598,676,3 6 3,40,615045,74.29 76.66 108
3599,698,9 1 2,40,614830,79.03 72.71 107
3600,670,1 9 2,40,614830,72.71 79.03 107
3601,690,7 2 3,40,614775,77.45 73.5 108
3602,673,2 7 3,40,614775,73.5 77.45 108
3603,710,12 0 0,40,614683,81.4 71.92 105
3604,667,0 12 0,40,614683,71.92 81.4 105
3605,673,2 1 12,40,614543,73.5 72.71 115
3606,669,1 2 12,40,614543,72.71 73.5 115
3607,706,11 0 1,40,614513,80.61 71.92 106
3608,666,0 11 1,40,614513,71.92 80.61 106
3609,681,4 4 5,40,614409,75.08 75.08 109
3610,679,4 4 4,40,614409,75.08 75.08 109
3611,676,3 0 12,40,614399,74.29 71.92 115
3612,665,0 3 12,40,614399,71.92 74.29 115
3613,694,8 1 3,40,614371,78.24 72.71 108
3614,669,1 8 3,40,614371,72.71 78.24 108
3615,685,5 3 5,40,614341,75.87 74.29 109
3616,682,5 3 4,40,614341,75.87 74.29 109
3617,678,3 5 5,40,614341,74.29 75.87 109
3618,675,3 5 4,40,614341,74.29 75.87 109
3619,701,10 0 2,40,614229,79.82 71.92 107
3620,666,0 10 2,40,614229,71.92 79.82 107
3621,688,6 2 5,40,614136,76.66 73.5 109
3622,686,6 2 4,40,614136,76.66 73.5 109
3623,674,2 6 5,40,614136,73.5 76.66 109
3624,672,2 6 4,40,614136,73.5 76.66 109
3625,697,9 0 3,40,613831,79.03 71.92 108
3626,665,0 9 3,40,613831,71.92 79.03 108
3627,692,7 1 5,40,613796,77.45 72.71 109
3628,689,7 1 4,40,613796,77.45 72.71 109
3629,670,1 7 5,40,613796,72.71 77.45 109
3630,668,1 7 4,40,613796,72.71 77.45 109
3631,680,4 3 6,40,613519,75.08 74.29 110
3632,677,3 4 6,40,613519,74.29 75.08 110
3633,684,5 2 6,40,613381,75.87 73.5 110
3634,673,2 5 6,40,613381,73.5 75.87 110
3635,695,8 0 5,40,613319,78.24 71.92 109
3636,692,8 0 4,40,613319,78.24 71.92 109
3637,666,0 8 5,40,613319,71.92 78.24 109
3638,664,0 8 4,40,613319,71.92 78.24 109
3639,670,1 1 14,40,613221,72.71 72.71 116
3640,668,1 1 13,40,613221,72.71 72.71 116
3641,674,2 0 14,40,613149,73.5 71.92 116
3642,671,2 0 13,40,613149,73.5 71.92 116
3643,666,0 2 14,40,613149,71.92 73.5 116
3644,664,0 2 13,40,613149,71.92 73.5 116
3645,687,6 1 6,40,613106,76.66 72.71 110
3646,669,1 6 6,40,613106,72.71 76.66 110
3647,690,7 0 6,40,612694,77.45 71.92 110
3648,665,0 7 6,40,612694,71.92 77.45 110
3649,675,3 3 7,40,612579,74.29 74.29 111
3650,679,4 2 7,40,612510,75.08 73.5 111
3651,672,2 4 7,40,612510,73.5 75.08 111
3652,682,5 1 7,40,612302,75.87 72.71 111
3653,668,1 5 7,40,612302,72.71 75.87 111
3654,686,6 0 7,40,611955,76.66 71.92 111
3655,664,0 6 7,40,611955,71.92 76.66 111
3656,669,1 0 15,40,611785,72.71 71.92 117
3657,665,0 1 15,40,611785,71.92 72.71 117
3658,674,3 2 8,40,611522,74.29 73.5 112
3659,671,2 3 8,40,611522,73.5 74.29 112
3660,678,4 1 8,40,611383,75.08 72.71 112
3661,667,1 4 8,40,611383,72.71 75.08 112
3662,681,5 0 8,40,611103,75.87 71.92 112
3663,663,0 5 8,40,611103,71.92 75.87 112
3664,687,6 5 0,40,610683,76.66 75.87 105
3665,683,5 6 0,40,610683,75.87 76.66 105
3666,690,7 4 0,40,610552,77.45 75.08 105
3667,679,4 7 0,40,610552,75.08 77.45 105
3668,672,2 2 10,40,610419,73.5 73.5 113
3669,669,2 2 9,40,610419,73.5 73.5 113
3670,675,3 1 10,40,610348,74.29 72.71 113
3671,673,3 1 9,40,610348,74.29 72.71 113
3672,668,1 3 10,40,610348,72.71 74.29 113
3673,666,1 3 9,40,610348,72.71 74.29 113
3674,693,8 3 0,40,610290,78.24 74.29 105
3675,676,3 8 0,40,610290,74.29 78.24 105
3676,682,5 5 1,40,610143,75.87 75.87 106
3677,679,4 0 10,40,610137,75.08 71.92 113
3678,676,4 0 9,40,610137,75.08 71.92 113
3679,664,0 4 10,40,610137,71.92 75.08 113
3680,662,0 4 9,40,610137,71.92 75.08 113
3681,686,6 4 1,40,610077,76.66 75.08 106
3682,678,4 6 1,40,610077,75.08 76.66 106
3683,697,9 2 0,40,609896,79.03 73.5 105
3684,672,2 9 0,40,609896,73.5 79.03 105
3685,689,7 3 1,40,609879,77.45 74.29 106
3686,675,3 7 1,40,609879,74.29 77.45 106
3687,692,8 2 1,40,609548,78.24 73.5 106
3688,671,2 8 1,40,609548,73.5 78.24 106
3689,681,5 4 2,40,609484,75.87 75.08 107
3690,677,4 5 2,40,609484,75.08 75.87 107
3691,700,10 1 0,40,609371,79.82 72.71 105
3692,668,1 10 0,40,609371,72.71 79.82 105
3693,684,6 3 2,40,609350,76.66 74.29 107
3694,674,3 6 2,40,609350,74.29 76.66 107
3695,670,2 1 11,40,609199,73.5 72.71 114
3696,667,1 2 11,40,609199,72.71 73.5 114
3697,696,9 1 1,40,609084,79.03 72.71 106
3698,667,1 9 1,40,609084,72.71 79.03 106
3699,688,7 2 2,40,609083,77.45 73.5 107
3700,670,2 7 2,40,609083,73.5 77.45 107
3701,674,3 0 11,40,609057,74.29 71.92 114
3702,663,0 3 11,40,609057,71.92 74.29 114
3703,676,4 4 3,40,608772,75.08 75.08 108
3704,703,11 0 0,40,608716,80.61 71.92 105
3705,664,0 11 0,40,608716,71.92 80.61 105
3706,680,5 3 3,40,608704,75.87 74.29 108
3707,673,3 5 3,40,608704,74.29 75.87 108
3708,691,8 1 2,40,608682,78.24 72.71 107
3709,666,1 8 2,40,608682,72.71 78.24 107
3710,683,6 2 3,40,608502,76.66 73.5 108
3711,669,2 6 3,40,608502,73.5 76.66 108
3712,699,10 0 1,40,608488,79.82 71.92 106
3713,663,0 10 1,40,608488,71.92 79.82 106
3714,687,7 1 3,40,608165,77.45 72.71 108
3715,665,1 7 3,40,608165,72.71 77.45 108
3716,694,9 0 2,40,608147,79.03 71.92 107
3717,662,0 9 2,40,608147,71.92 79.03 107
3718,678,4 3 5,40,607941,75.08 74.29 109
3719,675,4 3 4,40,607941,75.08 74.29 109
3720,674,3 4 5,40,607941,74.29 75.08 109
3721,672,3 4 4,40,607941,74.29 75.08 109
3722,665,1 1 12,40,607935,72.71 72.71 115
3723,669,2 0 12,40,607863,73.5 71.92 115
3724,662,0 2 12,40,607863,71.92 73.5 115
3725,681,5 2 5,40,607805,75.87 73.5 109
3726,679,5 2 4,40,607805,75.87 73.5 109
3727,670,2 5 5,40,607805,73.5 75.87 109
3728,668,2 5 4,40,607805,73.5 75.87 109
3729,690,8 0 3,40,607693,78.24 71.92 108
3730,661,0 8 3,40,607693,71.92 78.24 108
3731,685,6 1 5,40,607533,76.66 72.71 109
3732,682,6 1 4,40,607533,76.66 72.71 109
3733,667,1 6 5,40,607533,72.71 76.66 109
3734,664,1 6 4,40,607533,72.71 76.66 109
3735,688,7 0 5,40,607124,77.45 71.92 109
3736,685,7 0 4,40,607124,77.45 71.92 109
3737,663,0 7 5,40,607124,71.92 77.45 109
3738,660,0 7 4,40,607124,71.92 77.45 109
3739,673,3 3 6,40,607061,74.29 74.29 110
3740,677,4 2 6,40,606992,75.08 73.5 110
3741,669,2 4 6,40,606992,73.5 75.08 110
3742,680,5 1 6,40,606786,75.87 72.71 110
3743,666,1 5 6,40,606786,72.71 75.87 110
3744,666,1 0 14,40,606556,72.71 71.92 116
3745,664,1 0 13,40,606556,72.71 71.92 116
3746,663,0 1 14,40,606556,71.92 72.71 116
3747,660,0 1 13,40,606556,71.92 72.71 116
3748,683,6 0 6,40,606442,76.66 71.92 110
3749,662,0 6 6,40,606442,71.92 76.66 110
3750,672,3 2 7,40,606062,74.29 73.5 111
3751,668,2 3 7,40,606062,73.5 74.29 111
3752,675,4 1 7,40,605924,75.08 72.71 111
3753,665,1 4 7,40,605924,72.71 75.08 111
3754,679,5 0 7,40,605646,75.87 71.92 111
3755,661,0 5 7,40,605646,71.92 75.87 111
3756,661,0 0 15,40,605135,71.92 71.92 117
3757,667,2 2 8,40,605017,73.5 73.5 112
3758,671,3 1 8,40,604947,74.29 72.71 112
3759,663,1 3 8,40,604947,72.71 74.29 112
3760,674,4 0 8,40,604737,75.08 71.92 112
3761,660,0 4 8,40,604737,71.92 75.08 112
3762,680,5 5 0,40,604387,75.87 75.87 105
3763,683,6 4 0,40,604322,76.66 75.08 105
3764,676,4 6 0,40,604322,75.08 76.66 105
3765,686,7 3 0,40,604125,77.45 74.29 105
3766,672,3 7 0,40,604125,74.29 77.45 105
3767,668,2 1 10,40,603855,73.5 72.71 113
3768,666,2 1 9,40,603855,73.5 72.71 113
3769,664,1 2 10,40,603855,72.71 73.5 113
3770,662,1 2 9,40,603855,72.71 73.5 113
3771,690,8 2 0,40,603797,78.24 73.5 105
3772,669,2 8 0,40,603797,73.5 78.24 105
3773,679,5 4 1,40,603788,75.87 75.08 106
3774,675,4 5 1,40,603788,75.08 75.87 106
3775,672,3 0 10,40,603714,74.29 71.92 113
3776,669,3 0 9,40,603714,74.29 71.92 113
3777,661,0 3 10,40,603714,71.92 74.29 113
3778,658,0 3 9,40,603714,71.92 74.29 113
3779,682,6 3 1,40,603655,76.66 74.29 106
3780,671,3 6 1,40,603655,74.29 76.66 106
3781,685,7 2 1,40,603391,77.45 73.5 106
3782,668,2 7 1,40,603391,73.5 77.45 106
3783,693,9 1 0,40,603338,79.03 72.71 105
3784,665,1 9 0,40,603338,72.71 79.03 105
3785,674,4 4 2,40,603135,75.08 75.08 107
3786,677,5 3 2,40,603068,75.87 74.29 107
3787,670,3 5 2,40,603068,74.29 75.87 107
3788,689,8 1 1,40,602993,78.24 72.71 106
3789,664,1 8 1,40,602993,72.71 78.24 106
3790,681,6 2 2,40,602868,76.66 73.5 107
3791,667,2 6 2,40,602868,73.5 76.66 107
3792,696,10 0 0,40,602748,79.82 71.92 105
3793,661,0 10 0,40,602748,71.92 79.82 105
3794,663,1 1 11,40,602649,72.71 72.71 114
3795,667,2 0 11,40,602577,73.5 71.92 114
3796,660,0 2 11,40,602577,71.92 73.5 114
3797,684,7 1 2,40,602534,77.45 72.71 107
3798,663,1 7 2,40,602534,72.71 77.45 107
3799,692,9 0 1,40,602464,79.03 71.92 106
3800,660,0 9 1,40,602464,71.92 79.03 106
3801,673,4 3 3,40,602364,75.08 74.29 108
3802,669,3 4 3,40,602364,74.29 75.08 108
3803,676,5 2 3,40,602229,75.87 73.5 108
3804,666,2 5 3,40,602229,73.5 75.87 108
3805,687,8 0 2,40,602066,78.24 71.92 107
3806,659,0 8 2,40,602066,71.92 78.24 107
3807,680,6 1 3,40,601959,76.66 72.71 108
3808,662,1 6 3,40,601959,72.71 76.66 108
3809,683,7 0 3,40,601554,77.45 71.92 108
3810,658,0 7 3,40,601554,71.92 77.45 108
3811,671,3 3 5,40,601542,74.29 74.29 109
3812,668,3 3 4,40,601542,74.29 74.29 109
3813,674,4 2 5,40,601474,75.08 73.5 109
3814,672,4 2 4,40,601474,75.08 73.5 109
3815,667,2 4 5,40,601474,73.5 75.08 109
3816,665,2 4 4,40,601474,73.5 75.08 109
3817,662,1 0 12,40,601327,72.71 71.92 115
3818,658,0 1 12,40,601327,71.92 72.71 115
3819,678,5 1 5,40,601269,75.87 72.71 109
3820,675,5 1 4,40,601269,75.87 72.71 109
3821,663,1 5 5,40,601269,72.71 75.87 109
3822,661,1 5 4,40,601269,72.71 75.87 109
3823,681,6 0 5,40,600929,76.66 71.92 109
3824,678,6 0 4,40,600929,76.66 71.92 109
3825,659,0 6 5,40,600929,71.92 76.66 109
3826,657,0 6 4,40,600929,71.92 76.66 109
3827,669,3 2 6,40,600602,74.29 73.5 110
3828,666,2 3 6,40,600602,73.5 74.29 110
3829,673,4 1 6,40,600465,75.08 72.71 110
3830,662,1 4 6,40,600465,72.71 75.08 110
3831,676,5 0 6,40,600190,75.87 71.92 110
3832,658,0 5 6,40,600190,71.92 75.87 110
3833,659,0 0 14,40,599963,71.92 71.92 116
3834,657,0 0 13,40,599963,71.92 71.92 116
3835,665,2 2 7,40,599615,73.5 73.5 111
3836,668,3 1 7,40,599546,74.29 72.71 111
3837,661,1 3 7,40,599546,72.71 74.29 111
3838,672,4 0 7,40,599338,75.08 71.92 111
3839,657,0 4 7,40,599338,71.92 75.08 111
3840,663,2 1 8,40,598511,73.5 72.71 112
3841,660,1 2 8,40,598511,72.71 73.5 112
3842,667,3 0 8,40,598371,74.29 71.92 112
3843,656,0 3 8,40,598371,71.92 74.29 112
3844,676,5 4 0,40,598092,75.87 75.08 105
3845,672,4 5 0,40,598092,75.08 75.87 105
3846,679,6 3 0,40,597960,76.66 74.29 105
3847,669,3 6 0,40,597960,74.29 76.66 105
3848,683,7 2 0,40,597698,77.45 73.5 105
3849,665,2 7 0,40,597698,73.5 77.45 105
3850,671,4 4 1,40,597498,75.08 75.08 106
3851,675,5 3 1,40,597432,75.87 74.29 106
3852,668,3 5 1,40,597432,74.29 75.87 106
3853,661,1 1 10,40,597362,72.71 72.71 113
3854,659,1 1 9,40,597362,72.71 72.71 113
3855,686,8 1 0,40,597305,78.24 72.71 105
3856,661,1 8 0,40,597305,72.71 78.24 105
3857,664,2 0 10,40,597292,73.5 71.92 113
3858,662,2 0 9,40,597292,73.5 71.92 113
3859,657,0 2 10,40,597292,71.92 73.5 113
3860,655,0 2 9,40,597292,71.92 73.5 113
3861,678,6 2 1,40,597233,76.66 73.5 106
3862,664,2 6 1,40,597233,73.5 76.66 106
3863,682,7 1 1,40,596902,77.45 72.71 106
3864,660,1 7 1,40,596902,72.71 77.45 106
3865,670,4 3 2,40,596786,75.08 74.29 107
3866,667,3 4 2,40,596786,74.29 75.08 107
3867,689,9 0 0,40,596780,79.03 71.92 105
3868,657,0 9 0,40,596780,71.92 79.03 105
3869,674,5 2 2,40,596653,75.87 73.5 107
3870,663,2 5 2,40,596653,73.5 75.87 107
3871,685,8 0 1,40,596439,78.24 71.92 106
3872,657,0 8 1,40,596439,71.92 78.24 106
3873,677,6 1 2,40,596385,76.66 72.71 107
3874,659,1 6 2,40,596385,72.71 76.66 107
3875,660,1 0 11,40,596098,72.71 71.92 114
3876,656,0 1 11,40,596098,71.92 72.71 114
3877,666,3 3 3,40,596023,74.29 74.29 108
3878,680,7 0 2,40,595984,77.45 71.92 107
3879,656,0 7 2,40,595984,71.92 77.45 107
3880,669,4 2 3,40,595956,75.08 73.5 108
3881,662,2 4 3,40,595956,73.5 75.08 108
3882,673,5 1 3,40,595753,75.87 72.71 108
3883,658,1 5 3,40,595753,72.71 75.87 108
3884,676,6 0 3,40,595416,76.66 71.92 108
3885,655,0 6 3,40,595416,71.92 76.66 108
3886,667,3 2 5,40,595142,74.29 73.5 109
3887,665,3 2 4,40,595142,74.29 73.5 109
3888,663,2 3 5,40,595142,73.5 74.29 109
3889,661,2 3 4,40,595142,73.5 74.29 109
3890,670,4 1 5,40,595006,75.08 72.71 109
3891,668,4 1 4,40,595006,75.08 72.71 109
3892,660,1 4 5,40,595006,72.71 75.08 109
3893,657,1 4 4,40,595006,72.71 75.08 109
3894,655,0 0 12,40,594791,71.92 71.92 115
3895,674,5 0 5,40,594734,75.87 71.92 109
3896,671,5 0 4,40,594734,75.87 71.92 109
3897,656,0 5 5,40,594734,71.92 75.87 109
3898,654,0 5 4,40,594734,71.92 75.87 109
3899,662,2 2 6,40,594213,73.5 73.5 110
3900,666,3 1 6,40,594144,74.29 72.71 110
3901,659,1 3 6,40,594144,72.71 74.29 110
3902,669,4 0 6,40,593938,75.08 71.92 110
3903,655,0 4 6,40,593938,71.92 75.08 110
3904,661,2 1 7,40,593168,73.5 72.71 111
3905,657,1 2 7,40,593168,72.71 73.5 111
3906,665,3 0 7,40,593029,74.29 71.92 111
3907,654,0 3 7,40,593029,71.92 74.29 111
3908,656,1 1 8,40,592076,72.71 72.71 112
3909,660,2 0 8,40,592006,73.5 71.92 112
3910,653,0 2 8,40,592006,71.92 73.5 112
3911,669,4 4 0,40,591862,75.08 75.08 105
3912,672,5 3 0,40,591796,75.87 74.29 105
3913,665,3 5 0,40,591796,74.29 75.87 105
3914,676,6 2 0,40,591599,76.66 73.5 105
3915,662,2 6 0,40,591599,73.5 76.66 105
3916,679,7 1 0,40,591271,77.45 72.71 105
3917,658,1 7 0,40,591271,72.71 77.45 105
3918,668,4 3 1,40,591209,75.08 74.29 106
3919,664,3 4 1,40,591209,74.29 75.08 106
3920,671,5 2 1,40,591076,75.87 73.5 106
3921,661,2 5 1,40,591076,73.5 75.87 106
3922,657,1 0 10,40,590869,72.71 71.92 113
3923,655,1 0 9,40,590869,72.71 71.92 113
3924,654,0 1 10,40,590869,71.92 72.71 113
3925,651,0 1 9,40,590869,71.92 72.71 113
3926,675,6 1 1,40,590812,76.66 72.71 106
3927,657,1 6 1,40,590812,72.71 76.66 106
3928,682,8 0 0,40,590812,78.24 71.92 105
3929,654,0 8 0,40,590812,71.92 78.24 105
3930,663,3 3 2,40,590504,74.29 74.29 107
3931,667,4 2 2,40,590437,75.08 73.5 107
3932,660,2 4 2,40,590437,73.5 75.08 107
3933,678,7 0 1,40,590414,77.45 71.92 106
3934,653,0 7 1,40,590414,71.92 77.45 106
3935,670,5 1 2,40,590237,75.87 72.71 107
3936,656,1 5 2,40,590237,72.71 75.87 107
3937,673,6 0 2,40,589903,76.66 71.92 107
3938,652,0 6 2,40,589903,71.92 76.66 107
3939,662,3 2 3,40,589682,74.29 73.5 108
3940,659,2 3 3,40,589682,73.5 74.29 108
3941,652,0 0 11,40,589619,71.92 71.92 114
3942,666,4 1 3,40,589547,75.08 72.71 108
3943,655,1 4 3,40,589547,72.71 75.08 108
3944,669,5 0 3,40,589278,75.87 71.92 108
3945,651,0 5 3,40,589278,71.92 75.87 108
3946,660,2 2 5,40,588811,73.5 73.5 109
3947,658,2 2 4,40,588811,73.5 73.5 109
3948,663,3 1 5,40,588743,74.29 72.71 109
3949,661,3 1 4,40,588743,74.29 72.71 109
3950,656,1 3 5,40,588743,72.71 74.29 109
3951,654,1 3 4,40,588743,72.71 74.29 109
3952,667,4 0 5,40,588539,75.08 71.92 109
3953,664,4 0 4,40,588539,75.08 71.92 109
3954,653,0 4 5,40,588539,71.92 75.08 109
3955,650,0 4 4,40,588539,71.92 75.08 109
3956,659,2 1 6,40,587824,73.5 72.71 110
3957,655,1 2 6,40,587824,72.71 73.5 110
3958,662,3 0 6,40,587686,74.29 71.92 110
3959,652,0 3 6,40,587686,71.92 74.29 110
3960,654,1 1 7,40,586789,72.71 72.71 111
3961,657,2 0 7,40,586720,73.5 71.92 111
3962,650,0 2 7,40,586720,71.92 73.5 111
3963,653,1 0 8,40,585640,72.71 71.92 112
3964,649,0 1 8,40,585640,71.92 72.71 112
3965,665,4 3 0,40,585631,75.08 74.29 105
3966,662,3 4 0,40,585631,74.29 75.08 105
3967,669,5 2 0,40,585500,75.87 73.5 105
3968,658,2 5 0,40,585500,73.5 75.87 105
3969,672,6 1 0,40,585238,76.66 72.71 105
3970,655,1 6 0,40,585238,72.71 76.66 105
3971,661,3 3 1,40,584986,74.29 74.29 106
3972,664,4 2 1,40,584919,75.08 73.5 106
3973,657,2 4 1,40,584919,73.5 75.08 106
3974,675,7 0 0,40,584844,77.45 71.92 105
3975,651,0 7 0,40,584844,71.92 77.45 105
3976,668,5 1 1,40,584721,75.87 72.71 106
3977,654,1 5 1,40,584721,72.71 75.87 106
3978,650,0 0 10,40,584447,71.92 71.92 113
3979,648,0 0 9,40,584447,71.92 71.92 113
3980,671,6 0 1,40,584390,76.66 71.92 106
3981,650,0 6 1,40,584390,71.92 76.66 106
3982,660,3 2 2,40,584222,74.29 73.5 107
3983,656,2 3 2,40,584222,73.5 74.29 107
3984,663,4 1 2,40,584089,75.08 72.71 107
3985,653,1 4 2,40,584089,72.71 75.08 107
3986,667,5 0 2,40,583821,75.87 71.92 107
3987,649,0 5 2,40,583821,71.92 75.87 107
3988,655,2 2 3,40,583409,73.5 73.5 108
3989,659,3 1 3,40,583342,74.29 72.71 108
3990,652,1 3 3,40,583342,72.71 74.29 108
3991,662,4 0 3,40,583139,75.08 71.92 108
3992,648,0 4 3,40,583139,71.92 75.08 108
3993,656,2 1 5,40,582480,73.5 72.71 109
3994,654,2 1 4,40,582480,73.5 72.71 109
3995,653,1 2 5,40,582480,72.71 73.5 109
3996,650,1 2 4,40,582480,72.71 73.5 109
3997,660,3 0 5,40,582344,74.29 71.92 109
3998,657,3 0 4,40,582344,74.29 71.92 109
3999,649,0 3 5,40,582344,71.92 74.29 109
4000,647,0 3 4,40,582344,71.92 74.29 109
4001,652,1 1 6,40,581503,72.71 72.71 110
4002,655,2 0 6,40,581434,73.5 71.92 110
4003,648,0 2 6,40,581434,71.92 73.5 110
4004,650,1 0 7,40,580411,72.71 71.92 111
4005,647,0 1 7,40,580411,71.92 72.71 111
4006,658,3 3 0,40,579467,74.29 74.29 105
4007,662,4 2 0,40,579401,75.08 73.5 105
4008,655,2 4 0,40,579401,73.5 75.08 105
4009,646,0 0 8,40,579274,71.92 71.92 112
4010,665,5 1 0,40,579205,75.87 72.71 105
4011,651,1 5 0,40,579205,72.71 75.87 105
4012,669,6 0 0,40,578877,76.66 71.92 105
4013,647,0 6 0,40,578877,71.92 76.66 105
4014,657,3 2 1,40,578762,74.29 73.5 106
4015,654,2 3 1,40,578762,73.5 74.29 106
4016,661,4 1 1,40,578630,75.08 72.71 106
4017,650,1 4 1,40,578630,72.71 75.08 106
4018,664,5 0 1,40,578365,75.87 71.92 106
4019,647,0 5 1,40,578365,71.92 75.87 106
4020,653,2 2 2,40,578007,73.5 73.5 107
4021,656,3 1 2,40,577940,74.29 72.71 107
4022,649,1 3 2,40,577940,72.71 74.29 107
4023,660,4 0 2,40,577740,75.08 71.92 107
4024,646,0 4 2,40,577740,71.92 75.08 107
4025,652,2 1 3,40,577136,73.5 72.71 108
4026,648,1 2 3,40,577136,72.71 73.5 108
4027,655,3 0 3,40,577001,74.29 71.92 108
4028,644,0 3 3,40,577001,71.92 74.29 108
4029,649,1 1 5,40,576217,72.71 72.71 109
4030,647,1 1 4,40,576217,72.71 72.71 109
4031,653,2 0 5,40,576148,73.5 71.92 109
4032,650,2 0 4,40,576148,73.5 71.92 109
4033,646,0 2 5,40,576148,71.92 73.5 109
4034,643,0 2 4,40,576148,71.92 73.5 109
4035,648,1 0 6,40,575182,72.71 71.92 110
4036,645,0 1 6,40,575182,71.92 72.71 110
4037,643,0 0 7,40,574102,71.92 71.92 111
4038,655,3 2 0,40,573302,74.29 73.5 105
4039,651,2 3 0,40,573302,73.5 74.29 105
4040,658,4 1 0,40,573171,75.08 72.71 105
4041,648,1 4 0,40,573171,72.71 75.08 105
4042,662,5 0 0,40,572909,75.87 71.92 105
4043,644,0 5 0,40,572909,71.92 75.87 105
4044,650,2 2 1,40,572605,73.5 73.5 106
4045,654,3 1 1,40,572539,74.29 72.71 106
4046,647,1 3 1,40,572539,72.71 74.29 106
4047,657,4 0 1,40,572340,75.08 71.92 106
4048,643,0 4 1,40,572340,71.92 75.08 106
4049,649,2 1 2,40,571792,73.5 72.71 107
4050,646,1 2 2,40,571792,72.71 73.5 107
4051,653,3 0 2,40,571658,74.29 71.92 107
4052,642,0 3 2,40,571658,71.92 74.29 107
4053,645,1 1 3,40,570930,72.71 72.71 108
4054,648,2 0 3,40,570863,73.5 71.92 108
4055,641,0 2 3,40,570863,71.92 73.5 108
4056,646,1 0 5,40,569953,72.71 71.92 109
4057,643,1 0 4,40,569953,72.71 71.92 109
4058,642,0 1 5,40,569953,71.92 72.71 109
4059,640,0 1 4,40,569953,71.92 72.71 109
4060,641,0 0 6,40,568930,71.92 71.92 110
4061,648,2 2 0,40,567203,73.5 73.5 105
4062,651,3 1 0,40,567138,74.29 72.71 105
4063,644,1 3 0,40,567138,72.71 74.29 105
4064,655,4 0 0,40,566941,75.08 71.92 105
4065,641,0 4 0,40,566941,71.92 75.08 105
4066,647,2 1 1,40,566448,73.5 72.71 106
4067,643,1 2 1,40,566448,72.71 73.5 106
4068,650,3 0 1,40,566316,74.29 71.92 106
4069,640,0 3 1,40,566316,71.92 74.29 106
4070,642,1 1 2,40,565644,72.71 72.71 107
4071,646,2 0 2,40,565577,73.5 71.92 107
4072,639,0 2 2,40,565577,71.92 73.5 107
4073,641,1 0 3,40,564724,72.71 71.92 108
4074,638,0 1 3,40,564724,71.92 72.71 108
4075,639,0 0 5,40,563758,71.92 71.92 109
4076,636,0 0 4,40,563758,71.92 71.92 109
4077,644,2 1 0,40,561104,73.5 72.71 105
4078,641,1 2 0,40,561104,72.71 73.5 105
4079,648,3 0 0,40,560973,74.29 71.92 105
4080,637,0 3 0,40,560973,71.92 74.29 105
4081,640,1 1 1,40,560357,72.71 72.71 106
4082,643,2 0 1,40,560291,73.5 71.92 106
4083,636,0 2 1,40,560291,71.92 73.5 106
4084,639,1 0 2,40,559495,72.71 71.92 107
4085,635,0 1 2,40,559495,71.92 72.71 107
4086,634,0 0 3,40,558586,71.92 71.92 108
4087,637,1 1 0,40,555071,72.71 72.71 105
4088,641,2 0 0,40,555005,73.5 71.92 105
4089,634,0 2 0,40,555005,71.92 73.5 105
4090,636,1 0 1,40,554267,72.71 71.92 106
4091,633,0 1 1,40,554267,71.92 72.71 106
4092,632,0 0 2,40,553414,71.92 71.92 107
4093,634,1 0 0,40,549038,72.71 71.92 105
4094,631,0 1 0,40,549038,71.92 72.71 105
4095,629,0 0 1,40,548242,71.92 71.92 106
4096,627,0 0 0,40,543070,71.92 71.92 105
